STATION,STATION_NAME,DATE,TPCP,MNTM
COOP:488070,'SEMINOE DAM WY US',200201,44,223
COOP:488070,'SEMINOE DAM WY US',200202,20,255
COOP:488070,'SEMINOE DAM WY US',200203,154,280
COOP:488070,'SEMINOE DAM WY US',200204,157,430
COOP:488070,'SEMINOE DAM WY US',200205,95,505
COOP:488070,'SEMINOE DAM WY US',200207,95,738
COOP:488070,'SEMINOE DAM WY US',200208,44,651
COOP:488070,'SEMINOE DAM WY US',200209,45,584
COOP:488070,'SEMINOE DAM WY US',200210,164,390
COOP:488070,'SEMINOE DAM WY US',200211,53,313
COOP:488070,'SEMINOE DAM WY US',200212,26,278
COOP:488070,'SEMINOE DAM WY US',200301,2,301
COOP:488070,'SEMINOE DAM WY US',200302,108,203
COOP:488070,'SEMINOE DAM WY US',200303,252,331
COOP:488070,'SEMINOE DAM WY US',200304,269,434
COOP:488070,'SEMINOE DAM WY US',200305,149,510
COOP:488070,'SEMINOE DAM WY US',200306,228,580
COOP:488070,'SEMINOE DAM WY US',200307,6,748
COOP:488070,'SEMINOE DAM WY US',200308,93,732
COOP:488070,'SEMINOE DAM WY US',200309,162,564
COOP:488070,'SEMINOE DAM WY US',200310,14,519
COOP:488070,'SEMINOE DAM WY US',200311,205,272
COOP:488070,'SEMINOE DAM WY US',200312,88,284
COOP:488070,'SEMINOE DAM WY US',200401,14,241
COOP:488070,'SEMINOE DAM WY US',200402,154,247
COOP:488070,'SEMINOE DAM WY US',200403,13,367
COOP:488070,'SEMINOE DAM WY US',200404,306,432
COOP:488070,'SEMINOE DAM WY US',200405,32,539
COOP:488070,'SEMINOE DAM WY US',200406,222,605
COOP:488070,'SEMINOE DAM WY US',200407,36,698
COOP:488070,'SEMINOE DAM WY US',200408,51,656
COOP:488070,'SEMINOE DAM WY US',200409,189,589
COOP:488070,'SEMINOE DAM WY US',200410,224,460
COOP:488070,'SEMINOE DAM WY US',200411,140,341
COOP:488070,'SEMINOE DAM WY US',200412,23,256
COOP:488070,'SEMINOE DAM WY US',200501,140,281
COOP:488070,'SEMINOE DAM WY US',200502,16,270
COOP:488070,'SEMINOE DAM WY US',200503,112,318
COOP:488070,'SEMINOE DAM WY US',200504,13,404
COOP:488070,'SEMINOE DAM WY US',200505,284,477
COOP:488070,'SEMINOE DAM WY US',200506,77,595
COOP:488070,'SEMINOE DAM WY US',200507,19,719
COOP:488070,'SEMINOE DAM WY US',200508,31,640
COOP:488070,'SEMINOE DAM WY US',200509,50,565
COOP:488070,'SEMINOE DAM WY US',200510,111,475
COOP:488070,'SEMINOE DAM WY US',200511,78,337
COOP:488070,'SEMINOE DAM WY US',200512,83,209
COOP:488070,'SEMINOE DAM WY US',200601,58,251
COOP:488070,'SEMINOE DAM WY US',200602,102,209
COOP:488070,'SEMINOE DAM WY US',200603,118,311
COOP:488070,'SEMINOE DAM WY US',200604,16,460
COOP:488070,'SEMINOE DAM WY US',200605,72,524
COOP:488070,'SEMINOE DAM WY US',200606,3,665
COOP:488070,'SEMINOE DAM WY US',200608,120,681
COOP:488070,'SEMINOE DAM WY US',200609,119,553
COOP:488070,'SEMINOE DAM WY US',200610,146,430
COOP:488070,'SEMINOE DAM WY US',200611,22,370
COOP:488070,'SEMINOE DAM WY US',200612,120,224
COOP:488160,'SHERIDAN FIELD STATION WY US',200001,100,223
COOP:488160,'SHERIDAN FIELD STATION WY US',200002,23,267
COOP:488160,'SHERIDAN FIELD STATION WY US',200003,47,368
COOP:488160,'SHERIDAN FIELD STATION WY US',200004,123,434
COOP:488160,'SHERIDAN FIELD STATION WY US',200005,353,537
COOP:488160,'SHERIDAN FIELD STATION WY US',200006,220,601
COOP:488160,'SHERIDAN FIELD STATION WY US',200007,53,724
COOP:488160,'SHERIDAN FIELD STATION WY US',200009,135,565
COOP:488160,'SHERIDAN FIELD STATION WY US',200010,82,450
COOP:488160,'SHERIDAN FIELD STATION WY US',200011,20,226
COOP:488160,'SHERIDAN FIELD STATION WY US',200012,25,154
COOP:488160,'SHERIDAN FIELD STATION WY US',200101,10,235
COOP:488160,'SHERIDAN FIELD STATION WY US',200102,23,144
COOP:488160,'SHERIDAN FIELD STATION WY US',200103,31,330
COOP:488160,'SHERIDAN FIELD STATION WY US',200104,127,438
COOP:488160,'SHERIDAN FIELD STATION WY US',200105,84,552
COOP:488160,'SHERIDAN FIELD STATION WY US',200106,174,628
COOP:488160,'SHERIDAN FIELD STATION WY US',200107,49,746
COOP:488160,'SHERIDAN FIELD STATION WY US',200108,9,730
COOP:488160,'SHERIDAN FIELD STATION WY US',200109,136,604
COOP:488160,'SHERIDAN FIELD STATION WY US',200110,161,434
COOP:488160,'SHERIDAN FIELD STATION WY US',200111,50,357
COOP:488160,'SHERIDAN FIELD STATION WY US',200112,2,241
COOP:488160,'SHERIDAN FIELD STATION WY US',200201,12,222
COOP:488160,'SHERIDAN FIELD STATION WY US',200202,15,265
COOP:488160,'SHERIDAN FIELD STATION WY US',200203,89,220
COOP:488160,'SHERIDAN FIELD STATION WY US',200204,63,408
COOP:488160,'SHERIDAN FIELD STATION WY US',200205,175,496
COOP:488160,'SHERIDAN FIELD STATION WY US',200206,99,646
COOP:488160,'SHERIDAN FIELD STATION WY US',200207,116,756
COOP:488160,'SHERIDAN FIELD STATION WY US',200208,222,646
COOP:488160,'SHERIDAN FIELD STATION WY US',200209,191,588
COOP:488160,'SHERIDAN FIELD STATION WY US',200210,131,379
COOP:488160,'SHERIDAN FIELD STATION WY US',200211,13,342
COOP:488160,'SHERIDAN FIELD STATION WY US',200212,22,274
COOP:488160,'SHERIDAN FIELD STATION WY US',200301,50,276
COOP:488160,'SHERIDAN FIELD STATION WY US',200302,65,224
COOP:488160,'SHERIDAN FIELD STATION WY US',200303,161,310
COOP:488160,'SHERIDAN FIELD STATION WY US',200304,55,484
COOP:488160,'SHERIDAN FIELD STATION WY US',200305,281,508
COOP:488160,'SHERIDAN FIELD STATION WY US',200306,250,606
COOP:488160,'SHERIDAN FIELD STATION WY US',200307,7,745
COOP:488160,'SHERIDAN FIELD STATION WY US',200308,34,730
COOP:488160,'SHERIDAN FIELD STATION WY US',200309,154,560
COOP:488160,'SHERIDAN FIELD STATION WY US',200310,26,496
COOP:488160,'SHERIDAN FIELD STATION WY US',200311,34,251
COOP:488160,'SHERIDAN FIELD STATION WY US',200312,32,249
COOP:488160,'SHERIDAN FIELD STATION WY US',200401,7,181
COOP:488160,'SHERIDAN FIELD STATION WY US',200402,90,269
COOP:488160,'SHERIDAN FIELD STATION WY US',200403,30,383
COOP:488160,'SHERIDAN FIELD STATION WY US',200404,49,456
COOP:488160,'SHERIDAN FIELD STATION WY US',200405,120,521
COOP:488160,'SHERIDAN FIELD STATION WY US',200406,138,596
COOP:488160,'SHERIDAN FIELD STATION WY US',200407,258,687
COOP:488160,'SHERIDAN FIELD STATION WY US',200408,31,647
COOP:488160,'SHERIDAN FIELD STATION WY US',200409,180,570
COOP:488160,'SHERIDAN FIELD STATION WY US',200410,158,460
COOP:488160,'SHERIDAN FIELD STATION WY US',200411,37,343
COOP:488160,'SHERIDAN FIELD STATION WY US',200412,8,281
COOP:488160,'SHERIDAN FIELD STATION WY US',200501,14,190
COOP:488160,'SHERIDAN FIELD STATION WY US',200502,39,282
COOP:488160,'SHERIDAN FIELD STATION WY US',200503,32,358
COOP:488160,'SHERIDAN FIELD STATION WY US',200505,604,489
COOP:488160,'SHERIDAN FIELD STATION WY US',200506,327,613
COOP:488160,'SHERIDAN FIELD STATION WY US',200507,80,715
COOP:488160,'SHERIDAN FIELD STATION WY US',200508,63,654
COOP:488160,'SHERIDAN FIELD STATION WY US',200509,67,578
COOP:488160,'SHERIDAN FIELD STATION WY US',200510,184,456
COOP:488160,'SHERIDAN FIELD STATION WY US',200511,52,354
COOP:488160,'SHERIDAN FIELD STATION WY US',200512,24,192
COOP:488160,'SHERIDAN FIELD STATION WY US',200601,6,315
COOP:488160,'SHERIDAN FIELD STATION WY US',200602,21,263
COOP:488160,'SHERIDAN FIELD STATION WY US',200603,26,349
COOP:488160,'SHERIDAN FIELD STATION WY US',200604,144,448
COOP:488160,'SHERIDAN FIELD STATION WY US',200605,129,536
COOP:488160,'SHERIDAN FIELD STATION WY US',200606,76,647
COOP:488160,'SHERIDAN FIELD STATION WY US',200607,5,746
COOP:488160,'SHERIDAN FIELD STATION WY US',200608,13,688
COOP:488160,'SHERIDAN FIELD STATION WY US',200609,391,550
COOP:488160,'SHERIDAN FIELD STATION WY US',200610,199,418
COOP:488160,'SHERIDAN FIELD STATION WY US',200611,37,330
COOP:488160,'SHERIDAN FIELD STATION WY US',200612,37,256
COOP:488160,'SHERIDAN FIELD STATION WY US',200701,24,192
COOP:488160,'SHERIDAN FIELD STATION WY US',200702,28,210
COOP:488160,'SHERIDAN FIELD STATION WY US',200703,160,391
COOP:488160,'SHERIDAN FIELD STATION WY US',200704,24,405
COOP:488160,'SHERIDAN FIELD STATION WY US',200705,400,542
COOP:488160,'SHERIDAN FIELD STATION WY US',200706,253,619
COOP:488160,'SHERIDAN FIELD STATION WY US',200707,65,752
COOP:488160,'SHERIDAN FIELD STATION WY US',200708,59,695
COOP:488160,'SHERIDAN FIELD STATION WY US',200709,96,581
COOP:488160,'SHERIDAN FIELD STATION WY US',200710,275,482
COOP:488160,'SHERIDAN FIELD STATION WY US',200711,14,355
COOP:488160,'SHERIDAN FIELD STATION WY US',200712,42,214
COOP:488160,'SHERIDAN FIELD STATION WY US',200801,33,187
COOP:488160,'SHERIDAN FIELD STATION WY US',200802,10,258
COOP:488160,'SHERIDAN FIELD STATION WY US',200803,53,333
COOP:488160,'SHERIDAN FIELD STATION WY US',200804,69,384
COOP:488160,'SHERIDAN FIELD STATION WY US',200805,527,501
COOP:488160,'SHERIDAN FIELD STATION WY US',200806,312,592
COOP:488160,'SHERIDAN FIELD STATION WY US',200807,188,696
COOP:488160,'SHERIDAN FIELD STATION WY US',200808,25,710
COOP:488160,'SHERIDAN FIELD STATION WY US',200809,199,557
COOP:488160,'SHERIDAN FIELD STATION WY US',200810,197,457
COOP:488160,'SHERIDAN FIELD STATION WY US',200811,38,394
COOP:488160,'SHERIDAN FIELD STATION WY US',200812,70,161
COOP:488160,'SHERIDAN FIELD STATION WY US',200901,101,235
COOP:488160,'SHERIDAN FIELD STATION WY US',200902,3,284
COOP:488160,'SHERIDAN FIELD STATION WY US',200903,101,312
COOP:488160,'SHERIDAN FIELD STATION WY US',200904,73,417
COOP:488160,'SHERIDAN FIELD STATION WY US',200905,31,529
COOP:488160,'SHERIDAN FIELD STATION WY US',200906,277,576
COOP:488160,'SHERIDAN FIELD STATION WY US',200907,89,680
COOP:488160,'SHERIDAN FIELD STATION WY US',200908,116,656
COOP:488160,'SHERIDAN FIELD STATION WY US',200909,9,618
COOP:488160,'SHERIDAN FIELD STATION WY US',200910,106,370
COOP:488160,'SHERIDAN FIELD STATION WY US',200911,13,374
COOP:488160,'SHERIDAN FIELD STATION WY US',200912,18,131
COOP:488160,'SHERIDAN FIELD STATION WY US',201001,3,206
COOP:488160,'SHERIDAN FIELD STATION WY US',201002,15,224
COOP:488160,'SHERIDAN FIELD STATION WY US',201003,15,395
COOP:488160,'SHERIDAN FIELD STATION WY US',201004,186,433
COOP:488160,'SHERIDAN FIELD STATION WY US',201005,512,486
COOP:488160,'SHERIDAN FIELD STATION WY US',201006,229,607
COOP:488160,'SHERIDAN FIELD STATION WY US',201007,131,685
COOP:488160,'SHERIDAN FIELD STATION WY US',201008,79,691
COOP:488160,'SHERIDAN FIELD STATION WY US',201009,18,585
COOP:488160,'SHERIDAN FIELD STATION WY US',201010,60,517
COOP:488160,'SHERIDAN FIELD STATION WY US',201011,58,306
COOP:488160,'SHERIDAN FIELD STATION WY US',201012,13,205
COOP:488160,'SHERIDAN FIELD STATION WY US',201112,50,262
COOP:488160,'SHERIDAN FIELD STATION WY US',201206,31,669
COOP:488160,'SHERIDAN FIELD STATION WY US',201207,122,771
COOP:488160,'SHERIDAN FIELD STATION WY US',201208,2,700
COOP:488160,'SHERIDAN FIELD STATION WY US',201209,6,605
COOP:488160,'SHERIDAN FIELD STATION WY US',201210,73,440
COOP:488160,'SHERIDAN FIELD STATION WY US',201211,100,332
COOP:488160,'SHERIDAN FIELD STATION WY US',201212,73,228
COOP:488160,'SHERIDAN FIELD STATION WY US',201301,88,207
COOP:488160,'SHERIDAN FIELD STATION WY US',201302,84,204
COOP:488160,'SHERIDAN FIELD STATION WY US',201303,64,312
COOP:488160,'SHERIDAN FIELD STATION WY US',201304,204,328
COOP:488160,'SHERIDAN FIELD STATION WY US',201306,334,626
COOP:488160,'SHERIDAN FIELD STATION WY US',201307,101,727
COOP:488160,'SHERIDAN FIELD STATION WY US',201308,12,728
COOP:488160,'SHERIDAN FIELD STATION WY US',201309,338,629
COOP:488160,'SHERIDAN FIELD STATION WY US',201311,15,337
COOP:488160,'SHERIDAN FIELD STATION WY US',201312,82,163
COOP:488160,'SHERIDAN FIELD STATION WY US',201401,56,271
COOP:488160,'SHERIDAN FIELD STATION WY US',201402,55,164
COOP:488160,'SHERIDAN FIELD STATION WY US',201403,101,332
COOP:488160,'SHERIDAN FIELD STATION WY US',201404,89,426
COOP:488160,'SHERIDAN FIELD STATION WY US',201405,229,530
COOP:488160,'SHERIDAN FIELD STATION WY US',201407,38,700
COOP:488155,'SHERIDAN CO AIRPORT WY US',200001,224,237
COOP:488155,'SHERIDAN CO AIRPORT WY US',200002,89,281
COOP:488155,'SHERIDAN CO AIRPORT WY US',200003,79,378
COOP:488155,'SHERIDAN CO AIRPORT WY US',200004,159,448
COOP:488155,'SHERIDAN CO AIRPORT WY US',200005,352,529
COOP:488155,'SHERIDAN CO AIRPORT WY US',200006,190,596
COOP:488155,'SHERIDAN CO AIRPORT WY US',200007,72,724
COOP:488155,'SHERIDAN CO AIRPORT WY US',200008,43,703
COOP:488155,'SHERIDAN CO AIRPORT WY US',200009,159,576
COOP:488155,'SHERIDAN CO AIRPORT WY US',200010,107,452
COOP:488155,'SHERIDAN CO AIRPORT WY US',200011,23,234
COOP:488155,'SHERIDAN CO AIRPORT WY US',200012,116,179
COOP:488155,'SHERIDAN CO AIRPORT WY US',200101,38,238
COOP:488155,'SHERIDAN CO AIRPORT WY US',200102,86,160
COOP:488155,'SHERIDAN CO AIRPORT WY US',200103,77,336
COOP:488155,'SHERIDAN CO AIRPORT WY US',200104,107,454
COOP:488155,'SHERIDAN CO AIRPORT WY US',200105,102,556
COOP:488155,'SHERIDAN CO AIRPORT WY US',200106,145,627
COOP:488155,'SHERIDAN CO AIRPORT WY US',200107,97,738
COOP:488155,'SHERIDAN CO AIRPORT WY US',200108,1,731
COOP:488155,'SHERIDAN CO AIRPORT WY US',200109,176,610
COOP:488155,'SHERIDAN CO AIRPORT WY US',200110,194,449
COOP:488155,'SHERIDAN CO AIRPORT WY US',200111,62,363
COOP:488155,'SHERIDAN CO AIRPORT WY US',200112,22,259
COOP:488155,'SHERIDAN CO AIRPORT WY US',200201,34,257
COOP:488155,'SHERIDAN CO AIRPORT WY US',200202,53,297
COOP:488155,'SHERIDAN CO AIRPORT WY US',200203,94,228
COOP:488155,'SHERIDAN CO AIRPORT WY US',200204,160,406
COOP:488155,'SHERIDAN CO AIRPORT WY US',200205,102,500
COOP:488155,'SHERIDAN CO AIRPORT WY US',200206,65,640
COOP:488155,'SHERIDAN CO AIRPORT WY US',200207,196,749
COOP:488155,'SHERIDAN CO AIRPORT WY US',200208,128,650
COOP:488155,'SHERIDAN CO AIRPORT WY US',200209,160,581
COOP:488155,'SHERIDAN CO AIRPORT WY US',200210,136,380
COOP:488155,'SHERIDAN CO AIRPORT WY US',200211,71,356
COOP:488155,'SHERIDAN CO AIRPORT WY US',200212,18,286
COOP:488155,'SHERIDAN CO AIRPORT WY US',200301,65,299
COOP:488155,'SHERIDAN CO AIRPORT WY US',200302,50,216
COOP:488155,'SHERIDAN CO AIRPORT WY US',200303,135,320
COOP:488155,'SHERIDAN CO AIRPORT WY US',200304,229,473
COOP:488155,'SHERIDAN CO AIRPORT WY US',200305,145,516
COOP:488155,'SHERIDAN CO AIRPORT WY US',200306,258,594
COOP:488155,'SHERIDAN CO AIRPORT WY US',200307,12,735
COOP:488155,'SHERIDAN CO AIRPORT WY US',200308,57,741
COOP:488155,'SHERIDAN CO AIRPORT WY US',200309,128,568
COOP:488155,'SHERIDAN CO AIRPORT WY US',200310,49,509
COOP:488155,'SHERIDAN CO AIRPORT WY US',200311,64,281
COOP:488155,'SHERIDAN CO AIRPORT WY US',200312,87,266
COOP:488155,'SHERIDAN CO AIRPORT WY US',200401,3,217
COOP:488155,'SHERIDAN CO AIRPORT WY US',200402,101,293
COOP:488155,'SHERIDAN CO AIRPORT WY US',200403,43,412
COOP:488155,'SHERIDAN CO AIRPORT WY US',200404,67,468
COOP:488155,'SHERIDAN CO AIRPORT WY US',200405,72,529
COOP:488155,'SHERIDAN CO AIRPORT WY US',200406,113,606
COOP:488155,'SHERIDAN CO AIRPORT WY US',200407,171,687
COOP:488155,'SHERIDAN CO AIRPORT WY US',200408,55,657
COOP:488155,'SHERIDAN CO AIRPORT WY US',200409,220,578
COOP:488155,'SHERIDAN CO AIRPORT WY US',200410,105,467
COOP:488155,'SHERIDAN CO AIRPORT WY US',200411,21,356
COOP:488155,'SHERIDAN CO AIRPORT WY US',200412,14,314
COOP:488155,'SHERIDAN CO AIRPORT WY US',200501,19,233
COOP:488155,'SHERIDAN CO AIRPORT WY US',200502,19,312
COOP:488155,'SHERIDAN CO AIRPORT WY US',200503,46,390
COOP:488155,'SHERIDAN CO AIRPORT WY US',200504,184,440
COOP:488155,'SHERIDAN CO AIRPORT WY US',200505,618,510
COOP:488155,'SHERIDAN CO AIRPORT WY US',200506,294,622
COOP:488155,'SHERIDAN CO AIRPORT WY US',200507,101,721
COOP:488155,'SHERIDAN CO AIRPORT WY US',200508,120,659
COOP:488155,'SHERIDAN CO AIRPORT WY US',200509,71,602
COOP:488155,'SHERIDAN CO AIRPORT WY US',200510,197,478
COOP:488155,'SHERIDAN CO AIRPORT WY US',200511,62,375
COOP:488155,'SHERIDAN CO AIRPORT WY US',200512,48,234
COOP:488155,'SHERIDAN CO AIRPORT WY US',200601,12,355
COOP:488155,'SHERIDAN CO AIRPORT WY US',200602,40,263
COOP:488155,'SHERIDAN CO AIRPORT WY US',200603,92,354
COOP:488155,'SHERIDAN CO AIRPORT WY US',200604,121,481
COOP:488155,'SHERIDAN CO AIRPORT WY US',200605,98,545
COOP:488155,'SHERIDAN CO AIRPORT WY US',200606,53,667
COOP:488155,'SHERIDAN CO AIRPORT WY US',200607,10,757
COOP:488155,'SHERIDAN CO AIRPORT WY US',200608,30,701
COOP:488155,'SHERIDAN CO AIRPORT WY US',200609,282,570
COOP:488155,'SHERIDAN CO AIRPORT WY US',200610,138,439
COOP:488155,'SHERIDAN CO AIRPORT WY US',200611,53,363
COOP:488155,'SHERIDAN CO AIRPORT WY US',200612,27,288
COOP:488155,'SHERIDAN CO AIRPORT WY US',200701,34,221
COOP:488155,'SHERIDAN CO AIRPORT WY US',200702,77,240
COOP:488155,'SHERIDAN CO AIRPORT WY US',200703,96,410
COOP:488155,'SHERIDAN CO AIRPORT WY US',200704,118,424
COOP:488155,'SHERIDAN CO AIRPORT WY US',200705,409,546
COOP:488155,'SHERIDAN CO AIRPORT WY US',200706,194,634
COOP:488155,'SHERIDAN CO AIRPORT WY US',200707,173,759
COOP:488155,'SHERIDAN CO AIRPORT WY US',200708,50,709
COOP:488155,'SHERIDAN CO AIRPORT WY US',200709,96,593
COOP:488155,'SHERIDAN CO AIRPORT WY US',200710,246,484
COOP:488155,'SHERIDAN CO AIRPORT WY US',200711,33,351
COOP:488155,'SHERIDAN CO AIRPORT WY US',200712,41,228
COOP:488155,'SHERIDAN CO AIRPORT WY US',200801,70,189
COOP:488155,'SHERIDAN CO AIRPORT WY US',200802,35,268
COOP:488155,'SHERIDAN CO AIRPORT WY US',200803,93,333
COOP:488155,'SHERIDAN CO AIRPORT WY US',200804,112,399
COOP:488155,'SHERIDAN CO AIRPORT WY US',200805,473,509
COOP:488155,'SHERIDAN CO AIRPORT WY US',200806,208,585
COOP:488155,'SHERIDAN CO AIRPORT WY US',200807,92,699
COOP:488155,'SHERIDAN CO AIRPORT WY US',200808,28,692
COOP:488155,'SHERIDAN CO AIRPORT WY US',200809,156,549
COOP:488155,'SHERIDAN CO AIRPORT WY US',200810,153,457
COOP:488155,'SHERIDAN CO AIRPORT WY US',200811,75,394
COOP:488155,'SHERIDAN CO AIRPORT WY US',200812,66,169
COOP:488155,'SHERIDAN CO AIRPORT WY US',200901,110,259
COOP:488155,'SHERIDAN CO AIRPORT WY US',200902,14,307
COOP:488155,'SHERIDAN CO AIRPORT WY US',200903,141,316
COOP:488155,'SHERIDAN CO AIRPORT WY US',200904,132,415
COOP:488155,'SHERIDAN CO AIRPORT WY US',200905,22,534
COOP:488155,'SHERIDAN CO AIRPORT WY US',200906,341,583
COOP:488155,'SHERIDAN CO AIRPORT WY US',200907,126,671
COOP:488155,'SHERIDAN CO AIRPORT WY US',200908,112,664
COOP:488155,'SHERIDAN CO AIRPORT WY US',200909,58,623
COOP:488155,'SHERIDAN CO AIRPORT WY US',200910,69,378
COOP:488155,'SHERIDAN CO AIRPORT WY US',200911,26,375
COOP:488155,'SHERIDAN CO AIRPORT WY US',200912,15,157
COOP:488155,'SHERIDAN CO AIRPORT WY US',201001,8,228
COOP:488155,'SHERIDAN CO AIRPORT WY US',201002,35,247
COOP:488155,'SHERIDAN CO AIRPORT WY US',201003,61,400
COOP:488155,'SHERIDAN CO AIRPORT WY US',201004,177,430
COOP:488155,'SHERIDAN CO AIRPORT WY US',201005,443,482
COOP:488155,'SHERIDAN CO AIRPORT WY US',201006,268,605
COOP:488155,'SHERIDAN CO AIRPORT WY US',201007,154,687
COOP:488155,'SHERIDAN CO AIRPORT WY US',201008,79,691
COOP:488155,'SHERIDAN CO AIRPORT WY US',201009,25,587
COOP:488155,'SHERIDAN CO AIRPORT WY US',201010,111,524
COOP:488155,'SHERIDAN CO AIRPORT WY US',201011,52,297
COOP:488155,'SHERIDAN CO AIRPORT WY US',201012,20,220
COOP:488155,'SHERIDAN CO AIRPORT WY US',201101,74,232
COOP:488155,'SHERIDAN CO AIRPORT WY US',201102,27,202
COOP:488155,'SHERIDAN CO AIRPORT WY US',201103,173,351
COOP:488155,'SHERIDAN CO AIRPORT WY US',201104,166,413
COOP:488155,'SHERIDAN CO AIRPORT WY US',201105,591,480
COOP:488155,'SHERIDAN CO AIRPORT WY US',201106,168,606
COOP:488155,'SHERIDAN CO AIRPORT WY US',201107,50,724
COOP:488155,'SHERIDAN CO AIRPORT WY US',201108,70,712
COOP:488155,'SHERIDAN CO AIRPORT WY US',201109,12,608
COOP:488155,'SHERIDAN CO AIRPORT WY US',201110,372,500
COOP:488155,'SHERIDAN CO AIRPORT WY US',201111,113,313
COOP:488155,'SHERIDAN CO AIRPORT WY US',201112,57,256
COOP:488155,'SHERIDAN CO AIRPORT WY US',201201,35,282
COOP:488155,'SHERIDAN CO AIRPORT WY US',201202,94,275
COOP:488155,'SHERIDAN CO AIRPORT WY US',201203,54,455
COOP:488155,'SHERIDAN CO AIRPORT WY US',201204,131,474
COOP:488155,'SHERIDAN CO AIRPORT WY US',201205,242,518
COOP:488155,'SHERIDAN CO AIRPORT WY US',201206,33,659
COOP:488155,'SHERIDAN CO AIRPORT WY US',201207,99,758
COOP:488155,'SHERIDAN CO AIRPORT WY US',201208,11,700
COOP:488155,'SHERIDAN CO AIRPORT WY US',201209,0,613
COOP:488155,'SHERIDAN CO AIRPORT WY US',201210,95,446
COOP:488155,'SHERIDAN CO AIRPORT WY US',201211,109,344
COOP:488155,'SHERIDAN CO AIRPORT WY US',201212,50,238
COOP:488155,'SHERIDAN CO AIRPORT WY US',201301,96,247
COOP:488155,'SHERIDAN CO AIRPORT WY US',201302,79,245
COOP:488155,'SHERIDAN CO AIRPORT WY US',201303,27,339
COOP:488155,'SHERIDAN CO AIRPORT WY US',201304,227,377
COOP:488155,'SHERIDAN CO AIRPORT WY US',201305,303,541
COOP:488155,'SHERIDAN CO AIRPORT WY US',201306,219,623
COOP:488155,'SHERIDAN CO AIRPORT WY US',201307,43,719
COOP:488155,'SHERIDAN CO AIRPORT WY US',201308,5,723
COOP:488155,'SHERIDAN CO AIRPORT WY US',201309,426,623
COOP:488155,'SHERIDAN CO AIRPORT WY US',201310,247,419
COOP:488155,'SHERIDAN CO AIRPORT WY US',201311,17,333
COOP:488155,'SHERIDAN CO AIRPORT WY US',201312,112,192
COOP:488155,'SHERIDAN CO AIRPORT WY US',201401,64,266
COOP:488155,'SHERIDAN CO AIRPORT WY US',201402,121,165
COOP:488155,'SHERIDAN CO AIRPORT WY US',201403,169,329
COOP:488155,'SHERIDAN CO AIRPORT WY US',201404,154,438
COOP:488155,'SHERIDAN CO AIRPORT WY US',201405,173,536
COOP:488155,'SHERIDAN CO AIRPORT WY US',201406,220,589
COOP:488155,'SHERIDAN CO AIRPORT WY US',201407,101,701
COOP:488157,'SHERIDAN GIRLS SCHOOL WY US',200001,149,254
COOP:488157,'SHERIDAN GIRLS SCHOOL WY US',200002,102,291
COOP:488157,'SHERIDAN GIRLS SCHOOL WY US',200003,38,392
COOP:488157,'SHERIDAN GIRLS SCHOOL WY US',200004,82,447
COOP:488157,'SHERIDAN GIRLS SCHOOL WY US',200005,407,544
COOP:488157,'SHERIDAN GIRLS SCHOOL WY US',200006,230,605
COOP:488157,'SHERIDAN GIRLS SCHOOL WY US',200007,64,713
COOP:488157,'SHERIDAN GIRLS SCHOOL WY US',200008,43,696
COOP:488157,'SHERIDAN GIRLS SCHOOL WY US',200010,111,456
COOP:488157,'SHERIDAN GIRLS SCHOOL WY US',200011,18,256
COOP:488157,'SHERIDAN GIRLS SCHOOL WY US',200012,85,191
COOP:488157,'SHERIDAN GIRLS SCHOOL WY US',200101,13,254
COOP:488157,'SHERIDAN GIRLS SCHOOL WY US',200102,62,167
COOP:488157,'SHERIDAN GIRLS SCHOOL WY US',200103,15,334
COOP:488157,'SHERIDAN GIRLS SCHOOL WY US',200104,38,446
COOP:488157,'SHERIDAN GIRLS SCHOOL WY US',200105,56,544
COOP:488157,'SHERIDAN GIRLS SCHOOL WY US',200106,145,631
COOP:488157,'SHERIDAN GIRLS SCHOOL WY US',200107,45,732
COOP:488157,'SHERIDAN GIRLS SCHOOL WY US',200108,0,717
COOP:488157,'SHERIDAN GIRLS SCHOOL WY US',200109,268,606
COOP:488157,'SHERIDAN GIRLS SCHOOL WY US',200110,114,456
COOP:488157,'SHERIDAN GIRLS SCHOOL WY US',200111,75,365
COOP:488157,'SHERIDAN GIRLS SCHOOL WY US',200112,22,269
COOP:488157,'SHERIDAN GIRLS SCHOOL WY US',200201,37,259
COOP:488157,'SHERIDAN GIRLS SCHOOL WY US',200204,31,408
COOP:488157,'SHERIDAN GIRLS SCHOOL WY US',200205,119,503
COOP:488157,'SHERIDAN GIRLS SCHOOL WY US',200206,95,645
COOP:488157,'SHERIDAN GIRLS SCHOOL WY US',200207,126,749
COOP:488157,'SHERIDAN GIRLS SCHOOL WY US',200208,65,655
COOP:488157,'SHERIDAN GIRLS SCHOOL WY US',200209,158,590
COOP:488157,'SHERIDAN GIRLS SCHOOL WY US',200210,161,390
COOP:488157,'SHERIDAN GIRLS SCHOOL WY US',200211,64,357
COOP:488157,'SHERIDAN GIRLS SCHOOL WY US',200212,89,302
COOP:488157,'SHERIDAN GIRLS SCHOOL WY US',200301,68,298
COOP:488157,'SHERIDAN GIRLS SCHOOL WY US',200302,87,237
COOP:488157,'SHERIDAN GIRLS SCHOOL WY US',200303,94,316
COOP:488157,'SHERIDAN GIRLS SCHOOL WY US',200304,85,486
COOP:488157,'SHERIDAN GIRLS SCHOOL WY US',200305,233,515
COOP:488157,'SHERIDAN GIRLS SCHOOL WY US',200306,270,597
COOP:488157,'SHERIDAN GIRLS SCHOOL WY US',200307,10,734
COOP:488157,'SHERIDAN GIRLS SCHOOL WY US',200308,54,732
COOP:488157,'SHERIDAN GIRLS SCHOOL WY US',200309,129,564
COOP:488157,'SHERIDAN GIRLS SCHOOL WY US',200310,56,519
COOP:488157,'SHERIDAN GIRLS SCHOOL WY US',200311,69,272
COOP:488157,'SHERIDAN GIRLS SCHOOL WY US',200312,45,280
COOP:488157,'SHERIDAN GIRLS SCHOOL WY US',200401,9,216
COOP:488157,'SHERIDAN GIRLS SCHOOL WY US',200402,132,292
COOP:488157,'SHERIDAN GIRLS SCHOOL WY US',200403,11,393
COOP:488157,'SHERIDAN GIRLS SCHOOL WY US',200404,43,465
COOP:488157,'SHERIDAN GIRLS SCHOOL WY US',200405,52,519
COOP:488157,'SHERIDAN GIRLS SCHOOL WY US',200407,131,677
COOP:488157,'SHERIDAN GIRLS SCHOOL WY US',200410,137,466
COOP:488157,'SHERIDAN GIRLS SCHOOL WY US',200411,40,374
COOP:488157,'SHERIDAN GIRLS SCHOOL WY US',200412,25,315
COOP:488157,'SHERIDAN GIRLS SCHOOL WY US',200501,40,220
COOP:488157,'SHERIDAN GIRLS SCHOOL WY US',200502,28,313
COOP:488157,'SHERIDAN GIRLS SCHOOL WY US',200503,44,376
COOP:488157,'SHERIDAN GIRLS SCHOOL WY US',200504,132,435
COOP:488157,'SHERIDAN GIRLS SCHOOL WY US',200505,774,494
COOP:488157,'SHERIDAN GIRLS SCHOOL WY US',200507,117,712
COOP:488157,'SHERIDAN GIRLS SCHOOL WY US',200508,150,653
COOP:488157,'SHERIDAN GIRLS SCHOOL WY US',200509,82,612
COOP:488157,'SHERIDAN GIRLS SCHOOL WY US',200510,180,470
COOP:488157,'SHERIDAN GIRLS SCHOOL WY US',200511,101,380
COOP:488157,'SHERIDAN GIRLS SCHOOL WY US',200512,97,229
COOP:488157,'SHERIDAN GIRLS SCHOOL WY US',200601,10,345
COOP:488157,'SHERIDAN GIRLS SCHOOL WY US',200602,16,222
COOP:488157,'SHERIDAN GIRLS SCHOOL WY US',200603,57,345
COOP:488157,'SHERIDAN GIRLS SCHOOL WY US',200604,89,470
COOP:488157,'SHERIDAN GIRLS SCHOOL WY US',200605,143,537
COOP:488157,'SHERIDAN GIRLS SCHOOL WY US',200606,56,650
COOP:488157,'SHERIDAN GIRLS SCHOOL WY US',200607,52,745
COOP:488157,'SHERIDAN GIRLS SCHOOL WY US',200608,35,693
COOP:488157,'SHERIDAN GIRLS SCHOOL WY US',200609,316,557
COOP:488157,'SHERIDAN GIRLS SCHOOL WY US',200610,165,436
COOP:488157,'SHERIDAN GIRLS SCHOOL WY US',200611,33,357
COOP:488157,'SHERIDAN GIRLS SCHOOL WY US',200702,104,224
COOP:488157,'SHERIDAN GIRLS SCHOOL WY US',200703,112,399
COOP:488157,'SHERIDAN GIRLS SCHOOL WY US',200704,137,410
COOP:488157,'SHERIDAN GIRLS SCHOOL WY US',200705,366,544
COOP:488157,'SHERIDAN GIRLS SCHOOL WY US',200706,233,624
COOP:488157,'SHERIDAN GIRLS SCHOOL WY US',200707,32,750
COOP:488157,'SHERIDAN GIRLS SCHOOL WY US',200801,104,210
COOP:488157,'SHERIDAN GIRLS SCHOOL WY US',200802,54,264
COOP:488157,'SHERIDAN GIRLS SCHOOL WY US',200803,88,331
COOP:488157,'SHERIDAN GIRLS SCHOOL WY US',200804,96,388
COOP:488124,'SHELL WY US',200001,25,225
COOP:488124,'SHELL WY US',200002,98,319
COOP:488124,'SHELL WY US',200003,8,390
COOP:488124,'SHELL WY US',200004,25,485
COOP:488124,'SHELL WY US',200005,135,560
COOP:488124,'SHELL WY US',200006,76,613
COOP:488124,'SHELL WY US',200007,24,726
COOP:488124,'SHELL WY US',200008,22,703
COOP:488124,'SHELL WY US',200009,37,569
COOP:488124,'SHELL WY US',200010,49,443
COOP:488124,'SHELL WY US',200011,27,197
COOP:488124,'SHELL WY US',200012,40,188
COOP:488124,'SHELL WY US',200101,12,208
COOP:488124,'SHELL WY US',200102,82,158
COOP:488124,'SHELL WY US',200103,39,362
COOP:488124,'SHELL WY US',200104,104,455
COOP:488124,'SHELL WY US',200105,19,559
COOP:488124,'SHELL WY US',200106,92,639
COOP:488124,'SHELL WY US',200107,14,741
COOP:488124,'SHELL WY US',200108,22,715
COOP:488124,'SHELL WY US',200109,64,647
COOP:488124,'SHELL WY US',200111,79,378
COOP:488124,'SHELL WY US',200112,21,213
COOP:488124,'SHELL WY US',200201,20,212
COOP:488124,'SHELL WY US',200202,36,216
COOP:488124,'SHELL WY US',200203,42,260
COOP:488124,'SHELL WY US',200204,139,444
COOP:488124,'SHELL WY US',200205,59,536
COOP:488124,'SHELL WY US',200206,21,635
COOP:488124,'SHELL WY US',200207,26,737
COOP:488124,'SHELL WY US',200208,0,685
COOP:488124,'SHELL WY US',200209,41,584
COOP:488124,'SHELL WY US',200210,190,442
COOP:488124,'SHELL WY US',200211,124,308
COOP:488124,'SHELL WY US',200212,0,189
COOP:488124,'SHELL WY US',200301,7,273
COOP:488124,'SHELL WY US',200303,10,354
COOP:488124,'SHELL WY US',200304,30,481
COOP:488124,'SHELL WY US',200305,75,543
COOP:488124,'SHELL WY US',200306,168,650
COOP:488124,'SHELL WY US',200307,0,766
COOP:488124,'SHELL WY US',200508,63,639
COOP:488124,'SHELL WY US',200509,51,559
COOP:488124,'SHELL WY US',200510,137,468
COOP:488124,'SHELL WY US',200604,43,496
COOP:488124,'SHELL WY US',200605,204,571
COOP:488124,'SHELL WY US',200606,50,684
COOP:488124,'SHELL WY US',200607,0,765
COOP:488124,'SHELL WY US',200608,39,709
COOP:488124,'SHELL WY US',200609,230,574
COOP:488124,'SHELL WY US',200610,93,444
COOP:488124,'SHELL WY US',200611,72,352
COOP:488124,'SHELL WY US',200612,9,241
COOP:488124,'SHELL WY US',200701,20,154
COOP:488124,'SHELL WY US',200702,116,229
COOP:488124,'SHELL WY US',200703,35,415
COOP:488124,'SHELL WY US',200704,103,447
COOP:488124,'SHELL WY US',200705,205,572
COOP:488124,'SHELL WY US',200706,53,672
COOP:488124,'SHELL WY US',200707,46,790
COOP:488124,'SHELL WY US',200708,76,724
COOP:488124,'SHELL WY US',200709,84,603
COOP:488124,'SHELL WY US',200710,208,470
COOP:488124,'SHELL WY US',200711,28,355
COOP:488124,'SHELL WY US',200712,35,180
COOP:488124,'SHELL WY US',200801,123,161
COOP:488124,'SHELL WY US',200802,8,246
COOP:488124,'SHELL WY US',200803,49,342
COOP:488124,'SHELL WY US',200804,53,391
COOP:488124,'SHELL WY US',200805,345,520
COOP:488124,'SHELL WY US',200806,138,612
COOP:488124,'SHELL WY US',200807,42,727
COOP:488124,'SHELL WY US',200808,0,698
COOP:488124,'SHELL WY US',200809,167,565
COOP:488124,'SHELL WY US',200810,125,450
COOP:488124,'SHELL WY US',200811,77,383
COOP:488124,'SHELL WY US',200812,113,145
COOP:488124,'SHELL WY US',200901,80,187
COOP:488124,'SHELL WY US',200902,8,257
COOP:488124,'SHELL WY US',200903,47,332
COOP:488124,'SHELL WY US',200904,137,429
COOP:488124,'SHELL WY US',200905,86,540
COOP:488124,'SHELL WY US',200906,314,609
COOP:488124,'SHELL WY US',200907,140,693
COOP:488124,'SHELL WY US',200908,29,669
COOP:488124,'SHELL WY US',200909,12,629
COOP:488124,'SHELL WY US',200910,78,362
COOP:488124,'SHELL WY US',200911,13,352
COOP:488124,'SHELL WY US',200912,22,115
COOP:488124,'SHELL WY US',201001,73,195
COOP:488124,'SHELL WY US',201002,22,225
COOP:488124,'SHELL WY US',201003,17,389
COOP:488124,'SHELL WY US',201004,33,435
COOP:488124,'SHELL WY US',201005,429,487
COOP:488124,'SHELL WY US',201006,157,617
COOP:488124,'SHELL WY US',201007,42,706
COOP:488124,'SHELL WY US',201008,67,694
COOP:488124,'SHELL WY US',201009,34,587
COOP:488124,'SHELL WY US',201010,20,513
COOP:488124,'SHELL WY US',201011,81,288
COOP:488124,'SHELL WY US',201012,31,215
COOP:488124,'SHELL WY US',201101,87,182
COOP:488124,'SHELL WY US',201102,64,148
COOP:488124,'SHELL WY US',201103,187,351
COOP:488124,'SHELL WY US',201104,202,421
COOP:488124,'SHELL WY US',201105,424,494
COOP:488124,'SHELL WY US',201106,229,605
COOP:488124,'SHELL WY US',201107,10,727
COOP:488124,'SHELL WY US',201108,23,711
COOP:488124,'SHELL WY US',201109,16,614
COOP:488124,'SHELL WY US',201110,300,495
COOP:488124,'SHELL WY US',201111,75,296
COOP:488124,'SHELL WY US',201112,22,206
COOP:488124,'SHELL WY US',201201,13,258
COOP:488124,'SHELL WY US',201202,133,263
COOP:488124,'SHELL WY US',201203,12,429
COOP:488124,'SHELL WY US',201204,153,487
COOP:488124,'SHELL WY US',201205,68,528
COOP:488124,'SHELL WY US',201206,10,660
COOP:488124,'SHELL WY US',201207,11,766
COOP:488124,'SHELL WY US',201208,20,709
COOP:488124,'SHELL WY US',201209,13,611
COOP:488124,'SHELL WY US',201210,46,436
COOP:488124,'SHELL WY US',201211,106,340
COOP:488124,'SHELL WY US',201212,44,237
COOP:488124,'SHELL WY US',201301,105,179
COOP:488124,'SHELL WY US',201302,53,208
COOP:488124,'SHELL WY US',201303,56,341
COOP:488124,'SHELL WY US',201304,70,397
COOP:488124,'SHELL WY US',201305,155,548
COOP:488124,'SHELL WY US',201306,32,648
COOP:488124,'SHELL WY US',201307,22,740
COOP:488124,'SHELL WY US',201308,0,729
COOP:488124,'SHELL WY US',201309,225,625
COOP:488124,'SHELL WY US',201310,141,411
COOP:488124,'SHELL WY US',201311,14,316
COOP:488124,'SHELL WY US',201312,83,151
COOP:488124,'SHELL WY US',201401,56,212
COOP:488124,'SHELL WY US',201402,83,143
COOP:488124,'SHELL WY US',201403,82,330
COOP:488124,'SHELL WY US',201404,31,434
COOP:488124,'SHELL WY US',201405,105,538
COOP:488124,'SHELL WY US',201406,151,618
COOP:488124,'SHELL WY US',201407,41,717
COOP:488192,'SHIRLEY BASIN WY US',200001,48,170
COOP:488192,'SHIRLEY BASIN WY US',200002,112,218
COOP:488192,'SHIRLEY BASIN WY US',200003,69,267
COOP:488192,'SHIRLEY BASIN WY US',200004,228,372
COOP:488192,'SHIRLEY BASIN WY US',200005,192,463
COOP:488192,'SHIRLEY BASIN WY US',200006,84,524
COOP:488192,'SHIRLEY BASIN WY US',200007,5,620
COOP:488192,'SHIRLEY BASIN WY US',200008,88,620
COOP:488192,'SHIRLEY BASIN WY US',200010,44,374
COOP:488192,'SHIRLEY BASIN WY US',200012,60,72
COOP:488192,'SHIRLEY BASIN WY US',200101,28,46
COOP:488192,'SHIRLEY BASIN WY US',200102,57,103
COOP:488192,'SHIRLEY BASIN WY US',200103,33,220
COOP:488192,'SHIRLEY BASIN WY US',200104,161,361
COOP:488192,'SHIRLEY BASIN WY US',200105,71,458
COOP:488192,'SHIRLEY BASIN WY US',200106,43,554
COOP:488192,'SHIRLEY BASIN WY US',200107,445,637
COOP:488192,'SHIRLEY BASIN WY US',200108,96,611
COOP:488192,'SHIRLEY BASIN WY US',200109,67,513
COOP:488192,'SHIRLEY BASIN WY US',200110,109,375
COOP:488192,'SHIRLEY BASIN WY US',200112,25,123
COOP:488192,'SHIRLEY BASIN WY US',200201,22,104
COOP:488192,'SHIRLEY BASIN WY US',200202,39,143
COOP:488192,'SHIRLEY BASIN WY US',200204,83,359
COOP:488192,'SHIRLEY BASIN WY US',200205,30,428
COOP:488192,'SHIRLEY BASIN WY US',200206,57,564
COOP:488192,'SHIRLEY BASIN WY US',200207,165,631
COOP:488192,'SHIRLEY BASIN WY US',200208,36,572
COOP:488192,'SHIRLEY BASIN WY US',200209,100,497
COOP:488192,'SHIRLEY BASIN WY US',200210,29,313
COOP:488192,'SHIRLEY BASIN WY US',200211,41,190
COOP:488192,'SHIRLEY BASIN WY US',200212,37,129
COOP:488192,'SHIRLEY BASIN WY US',200301,10,218
COOP:488192,'SHIRLEY BASIN WY US',200302,43,110
COOP:488192,'SHIRLEY BASIN WY US',200303,84,271
COOP:488192,'SHIRLEY BASIN WY US',200304,204,382
COOP:488192,'SHIRLEY BASIN WY US',200305,148,462
COOP:488192,'SHIRLEY BASIN WY US',200306,161,505
COOP:488192,'SHIRLEY BASIN WY US',200307,16,642
COOP:488192,'SHIRLEY BASIN WY US',200308,40,620
COOP:488192,'SHIRLEY BASIN WY US',200309,182,442
COOP:488192,'SHIRLEY BASIN WY US',200310,95,387
COOP:488192,'SHIRLEY BASIN WY US',200311,60,188
COOP:488192,'SHIRLEY BASIN WY US',200312,55,149
COOP:488192,'SHIRLEY BASIN WY US',200401,4,122
COOP:488192,'SHIRLEY BASIN WY US',200402,74,142
COOP:488192,'SHIRLEY BASIN WY US',200403,31,294
COOP:488192,'SHIRLEY BASIN WY US',200404,86,374
COOP:488192,'SHIRLEY BASIN WY US',200405,52,449
COOP:488192,'SHIRLEY BASIN WY US',200406,237,526
COOP:488192,'SHIRLEY BASIN WY US',200407,84,592
COOP:488192,'SHIRLEY BASIN WY US',200408,108,548
COOP:488192,'SHIRLEY BASIN WY US',200409,187,492
COOP:488192,'SHIRLEY BASIN WY US',200410,53,391
COOP:488192,'SHIRLEY BASIN WY US',200411,11,232
COOP:488192,'SHIRLEY BASIN WY US',200412,20,174
COOP:488192,'SHIRLEY BASIN WY US',200501,58,186
COOP:488192,'SHIRLEY BASIN WY US',200502,10,204
COOP:488192,'SHIRLEY BASIN WY US',200503,84,254
COOP:488192,'SHIRLEY BASIN WY US',200504,152,353
COOP:488192,'SHIRLEY BASIN WY US',200505,247,423
COOP:488192,'SHIRLEY BASIN WY US',200506,62,520
COOP:488192,'SHIRLEY BASIN WY US',200507,21,616
COOP:488192,'SHIRLEY BASIN WY US',200508,105,581
COOP:488192,'SHIRLEY BASIN WY US',200509,51,492
COOP:488192,'SHIRLEY BASIN WY US',200510,82,388
COOP:488192,'SHIRLEY BASIN WY US',200511,45,250
COOP:488192,'SHIRLEY BASIN WY US',200512,51,97
COOP:488192,'SHIRLEY BASIN WY US',200601,37,172
COOP:488192,'SHIRLEY BASIN WY US',200602,56,91
COOP:488192,'SHIRLEY BASIN WY US',200603,98,236
COOP:488192,'SHIRLEY BASIN WY US',200604,62,385
COOP:488192,'SHIRLEY BASIN WY US',200605,93,446
COOP:488192,'SHIRLEY BASIN WY US',200606,12,572
COOP:488192,'SHIRLEY BASIN WY US',200607,67,645
COOP:488192,'SHIRLEY BASIN WY US',200608,276,602
COOP:488192,'SHIRLEY BASIN WY US',200609,95,450
COOP:488192,'SHIRLEY BASIN WY US',200610,85,358
COOP:488192,'SHIRLEY BASIN WY US',200611,30,257
COOP:488192,'SHIRLEY BASIN WY US',200612,37,156
COOP:488192,'SHIRLEY BASIN WY US',200701,36,44
COOP:488192,'SHIRLEY BASIN WY US',200702,44,169
COOP:488192,'SHIRLEY BASIN WY US',200703,195,308
COOP:488192,'SHIRLEY BASIN WY US',200704,152,344
COOP:488192,'SHIRLEY BASIN WY US',200705,227,458
COOP:488192,'SHIRLEY BASIN WY US',200706,52,542
COOP:488192,'SHIRLEY BASIN WY US',200707,62,654
COOP:488192,'SHIRLEY BASIN WY US',200708,122,612
COOP:488192,'SHIRLEY BASIN WY US',200709,115,503
COOP:488192,'SHIRLEY BASIN WY US',200710,87,385
COOP:488192,'SHIRLEY BASIN WY US',200711,14,260
COOP:488192,'SHIRLEY BASIN WY US',200712,80,100
COOP:488192,'SHIRLEY BASIN WY US',200801,42,76
COOP:488192,'SHIRLEY BASIN WY US',200802,49,132
COOP:488192,'SHIRLEY BASIN WY US',200803,108,194
COOP:488192,'SHIRLEY BASIN WY US',200804,38,292
COOP:488192,'SHIRLEY BASIN WY US',200805,264,417
COOP:488192,'SHIRLEY BASIN WY US',200806,45,508
COOP:488192,'SHIRLEY BASIN WY US',200807,88,617
COOP:488192,'SHIRLEY BASIN WY US',200808,98,581
COOP:488192,'SHIRLEY BASIN WY US',200809,80,460
COOP:488192,'SHIRLEY BASIN WY US',200810,64,351
COOP:488192,'SHIRLEY BASIN WY US',200811,62,274
COOP:488192,'SHIRLEY BASIN WY US',200812,23,129
COOP:488192,'SHIRLEY BASIN WY US',200901,115,112
COOP:488192,'SHIRLEY BASIN WY US',200902,29,147
COOP:488192,'SHIRLEY BASIN WY US',200903,111,246
COOP:488192,'SHIRLEY BASIN WY US',200904,172,310
COOP:488192,'SHIRLEY BASIN WY US',200905,55,442
COOP:488192,'SHIRLEY BASIN WY US',200906,228,517
COOP:488192,'SHIRLEY BASIN WY US',200910,145,300
COOP:488192,'SHIRLEY BASIN WY US',200911,20,278
COOP:488192,'SHIRLEY BASIN WY US',200912,47,58
COOP:488192,'SHIRLEY BASIN WY US',201001,24,98
COOP:488192,'SHIRLEY BASIN WY US',201002,37,63
COOP:488192,'SHIRLEY BASIN WY US',201003,68,217
COOP:488192,'SHIRLEY BASIN WY US',201004,88,344
COOP:488192,'SHIRLEY BASIN WY US',201005,207,394
COOP:488192,'SHIRLEY BASIN WY US',201006,227,524
COOP:488192,'SHIRLEY BASIN WY US',201007,133,592
COOP:488192,'SHIRLEY BASIN WY US',201008,36,580
COOP:488192,'SHIRLEY BASIN WY US',201009,8,490
COOP:488192,'SHIRLEY BASIN WY US',201010,84,404
COOP:488192,'SHIRLEY BASIN WY US',201011,57,224
COOP:488192,'SHIRLEY BASIN WY US',201012,128,153
COOP:488192,'SHIRLEY BASIN WY US',201101,60,103
COOP:488192,'SHIRLEY BASIN WY US',201102,61,82
COOP:488192,'SHIRLEY BASIN WY US',201103,68,235
COOP:488192,'SHIRLEY BASIN WY US',201104,202,330
COOP:488192,'SHIRLEY BASIN WY US',201105,458,391
COOP:488192,'SHIRLEY BASIN WY US',201106,118,516
COOP:488192,'SHIRLEY BASIN WY US',201107,133,611
COOP:488192,'SHIRLEY BASIN WY US',201108,14,602
COOP:488192,'SHIRLEY BASIN WY US',201109,47,488
COOP:488192,'SHIRLEY BASIN WY US',201110,99,377
COOP:488192,'SHIRLEY BASIN WY US',201111,119,201
COOP:488192,'SHIRLEY BASIN WY US',201112,17,100
COOP:488192,'SHIRLEY BASIN WY US',201201,55,143
COOP:488192,'SHIRLEY BASIN WY US',201202,100,102
COOP:488192,'SHIRLEY BASIN WY US',201203,11,314
COOP:488192,'SHIRLEY BASIN WY US',201204,79,388
COOP:488192,'SHIRLEY BASIN WY US',201205,75,441
COOP:488192,'SHIRLEY BASIN WY US',201206,9,571
COOP:488192,'SHIRLEY BASIN WY US',201207,179,641
COOP:488192,'SHIRLEY BASIN WY US',201208,16,597
COOP:488192,'SHIRLEY BASIN WY US',201209,38,496
COOP:488192,'SHIRLEY BASIN WY US',201210,87,346
COOP:488192,'SHIRLEY BASIN WY US',201211,15,302
COOP:488192,'SHIRLEY BASIN WY US',201212,6,169
COOP:488192,'SHIRLEY BASIN WY US',201301,17,110
COOP:488192,'SHIRLEY BASIN WY US',201302,66,110
COOP:488192,'SHIRLEY BASIN WY US',201303,31,232
COOP:488192,'SHIRLEY BASIN WY US',201304,75,279
COOP:488192,'SHIRLEY BASIN WY US',201305,160,452
COOP:488192,'SHIRLEY BASIN WY US',201306,21,558
COOP:488192,'SHIRLEY BASIN WY US',201307,218,624
COOP:488192,'SHIRLEY BASIN WY US',201308,86,633
COOP:488192,'SHIRLEY BASIN WY US',201309,123,546
COOP:488192,'SHIRLEY BASIN WY US',201310,149,350
COOP:488192,'SHIRLEY BASIN WY US',201311,22,250
COOP:488192,'SHIRLEY BASIN WY US',201312,40,106
COOP:488192,'SHIRLEY BASIN WY US',201401,44,126
COOP:488192,'SHIRLEY BASIN WY US',201402,45,130
COOP:488192,'SHIRLEY BASIN WY US',201403,136,253
COOP:488192,'SHIRLEY BASIN WY US',201404,135,349
COOP:488192,'SHIRLEY BASIN WY US',201405,141,459
COOP:488192,'SHIRLEY BASIN WY US',201406,136,535
COOP:488192,'SHIRLEY BASIN WY US',201407,357,618
COOP:488209,'SHOSHONI WY US',200712,34,107
COOP:488209,'SHOSHONI WY US',200802,0,260
COOP:488209,'SHOSHONI WY US',200803,0,340
COOP:488209,'SHOSHONI WY US',200804,7,413
COOP:488209,'SHOSHONI WY US',200805,403,529
COOP:488209,'SHOSHONI WY US',200806,13,644
COOP:488209,'SHOSHONI WY US',200808,35,716
COOP:488209,'SHOSHONI WY US',200809,80,590
COOP:488209,'SHOSHONI WY US',200810,55,477
COOP:488209,'SHOSHONI WY US',200811,36,415
COOP:488209,'SHOSHONI WY US',200812,8,227
COOP:488209,'SHOSHONI WY US',200901,16,235
COOP:488209,'SHOSHONI WY US',200902,0,308
COOP:488209,'SHOSHONI WY US',200903,92,354
COOP:488209,'SHOSHONI WY US',200904,109,463
COOP:488209,'SHOSHONI WY US',200905,50,581
COOP:488209,'SHOSHONI WY US',200906,171,631
COOP:488209,'SHOSHONI WY US',200907,148,714
COOP:488209,'SHOSHONI WY US',200908,111,682
COOP:488209,'SHOSHONI WY US',200909,14,642
COOP:488209,'SHOSHONI WY US',200910,120,408
COOP:488209,'SHOSHONI WY US',200911,0,345
COOP:488209,'SHOSHONI WY US',200912,14,121
COOP:488209,'SHOSHONI WY US',201001,7,129
COOP:488209,'SHOSHONI WY US',201002,19,217
COOP:488209,'SHOSHONI WY US',201003,30,406
COOP:488209,'SHOSHONI WY US',201004,129,472
COOP:488209,'SHOSHONI WY US',201005,276,522
COOP:488209,'SHOSHONI WY US',201006,134,649
COOP:488209,'SHOSHONI WY US',201007,22,733
COOP:488209,'SHOSHONI WY US',201008,50,713
COOP:488209,'SHOSHONI WY US',201009,0,623
COOP:488209,'SHOSHONI WY US',201010,22,515
COOP:488209,'SHOSHONI WY US',201011,10,321
COOP:488209,'SHOSHONI WY US',201012,59,212
COOP:488209,'SHOSHONI WY US',201110,128,502
COOP:488209,'SHOSHONI WY US',201111,13,309
COOP:488209,'SHOSHONI WY US',201202,40,280
COOP:488209,'SHOSHONI WY US',201206,0,707
COOP:488209,'SHOSHONI WY US',201207,3,778
COOP:488209,'SHOSHONI WY US',201212,23,201
COOP:488209,'SHOSHONI WY US',201301,0,75
COOP:488209,'SHOSHONI WY US',201302,27,208
COOP:488209,'SHOSHONI WY US',201306,11,697
COOP:488209,'SHOSHONI WY US',201307,19,759
COOP:488209,'SHOSHONI WY US',201308,8,732
COOP:488209,'SHOSHONI WY US',201309,245,623
COOP:488209,'SHOSHONI WY US',201310,170,424
COOP:488209,'SHOSHONI WY US',201312,15,144
COOP:488209,'SHOSHONI WY US',201402,8,205
COOP:488209,'SHOSHONI WY US',201403,38,381
COOP:488209,'SHOSHONI WY US',201404,2,474
COOP:488209,'SHOSHONI WY US',201405,63,582
COOP:488209,'SHOSHONI WY US',201406,75,646
COOP:488209,'SHOSHONI WY US',201407,62,728
COOP:489212,'UPTON 19 SW WY US',200409,81,593
COOP:489212,'UPTON 19 SW WY US',200411,107,328
COOP:489212,'UPTON 19 SW WY US',200412,25,283
COOP:489212,'UPTON 19 SW WY US',200501,12,231
COOP:489212,'UPTON 19 SW WY US',200502,6,306
COOP:489212,'UPTON 19 SW WY US',200510,87,477
COOP:489212,'UPTON 19 SW WY US',200511,31,376
COOP:489212,'UPTON 19 SW WY US',200512,52,214
COOP:489205,'UPTON WY US',200001,36,251
COOP:489205,'UPTON WY US',200002,85,307
COOP:489205,'UPTON WY US',200003,10,379
COOP:489205,'UPTON WY US',200004,194,448
COOP:489205,'UPTON WY US',200005,244,550
COOP:489205,'UPTON WY US',200006,130,626
COOP:489205,'UPTON WY US',200007,146,734
COOP:489205,'UPTON WY US',200008,132,734
COOP:489205,'UPTON WY US',200009,20,612
COOP:489205,'UPTON WY US',200010,88,475
COOP:489205,'UPTON WY US',200011,166,200
COOP:489205,'UPTON WY US',200012,60,147
COOP:489205,'UPTON WY US',200101,13,233
COOP:489205,'UPTON WY US',200102,92,165
COOP:489205,'UPTON WY US',200103,16,330
COOP:489205,'UPTON WY US',200104,281,457
COOP:489205,'UPTON WY US',200105,238,556
COOP:489205,'UPTON WY US',200106,397,637
COOP:489205,'UPTON WY US',200107,198,745
COOP:489205,'UPTON WY US',200108,146,746
COOP:489205,'UPTON WY US',200109,33,622
COOP:489205,'UPTON WY US',200110,85,469
COOP:489205,'UPTON WY US',200111,17,364
COOP:489205,'UPTON WY US',200112,17,246
COOP:489205,'UPTON WY US',200201,12,241
COOP:489205,'UPTON WY US',200202,45,277
COOP:489205,'UPTON WY US',200203,86,244
COOP:489205,'UPTON WY US',200204,118,428
COOP:489205,'UPTON WY US',200205,241,507
COOP:489205,'UPTON WY US',200206,51,680
COOP:489205,'UPTON WY US',200207,209,762
COOP:489205,'UPTON WY US',200208,344,694
COOP:489205,'UPTON WY US',200209,213,600
COOP:489205,'UPTON WY US',200210,45,392
COOP:489205,'UPTON WY US',200211,0,343
COOP:489205,'UPTON WY US',200212,3,285
COOP:489205,'UPTON WY US',200301,64,265
COOP:489205,'UPTON WY US',200302,82,200
COOP:489205,'UPTON WY US',200303,156,330
COOP:489205,'UPTON WY US',200304,149,481
COOP:489205,'UPTON WY US',200305,115,535
COOP:489205,'UPTON WY US',200306,318,604
COOP:489205,'UPTON WY US',200307,55,761
COOP:489205,'UPTON WY US',200308,40,761
COOP:489205,'UPTON WY US',200309,283,572
COOP:489205,'UPTON WY US',200310,47,507
COOP:489205,'UPTON WY US',200311,38,261
COOP:489205,'UPTON WY US',200312,49,258
COOP:489205,'UPTON WY US',200401,26,212
COOP:489205,'UPTON WY US',200402,42,262
COOP:489205,'UPTON WY US',200403,28,403
COOP:489205,'UPTON WY US',200404,84,467
COOP:489205,'UPTON WY US',200405,196,546
COOP:489205,'UPTON WY US',200406,104,613
COOP:489205,'UPTON WY US',200407,125,714
COOP:489205,'UPTON WY US',200408,7,667
COOP:489205,'UPTON WY US',200409,52,612
COOP:489205,'UPTON WY US',200410,180,482
COOP:489205,'UPTON WY US',200411,16,348
COOP:489205,'UPTON WY US',200412,2,281
COOP:489205,'UPTON WY US',200501,43,219
COOP:489205,'UPTON WY US',200502,6,309
COOP:489205,'UPTON WY US',200503,58,370
COOP:489205,'UPTON WY US',200504,250,457
COOP:489205,'UPTON WY US',200505,433,516
COOP:489205,'UPTON WY US',200506,165,641
COOP:489205,'UPTON WY US',200507,111,742
COOP:489205,'UPTON WY US',200508,163,685
COOP:489205,'UPTON WY US',200509,89,631
COOP:489205,'UPTON WY US',200510,114,487
COOP:489205,'UPTON WY US',200511,59,366
COOP:489205,'UPTON WY US',200512,12,204
COOP:489205,'UPTON WY US',200601,13,336
COOP:489205,'UPTON WY US',200602,5,235
COOP:489205,'UPTON WY US',200603,108,345
COOP:489205,'UPTON WY US',200604,204,487
COOP:489205,'UPTON WY US',200605,404,557
COOP:489205,'UPTON WY US',200606,119,682
COOP:489205,'UPTON WY US',200607,83,772
COOP:489205,'UPTON WY US',200608,163,707
COOP:489205,'UPTON WY US',200609,238,555
COOP:489205,'UPTON WY US',200610,71,427
COOP:489205,'UPTON WY US',200611,97,330
COOP:489205,'UPTON WY US',200612,2,273
COOP:489205,'UPTON WY US',200701,2,211
COOP:489205,'UPTON WY US',200702,70,219
COOP:489205,'UPTON WY US',200703,124,414
COOP:489205,'UPTON WY US',200704,185,430
COOP:489205,'UPTON WY US',200705,290,574
COOP:489205,'UPTON WY US',200706,148,665
COOP:489205,'UPTON WY US',200707,167,773
COOP:489205,'UPTON WY US',200708,86,736
COOP:489205,'UPTON WY US',200709,71,616
COOP:489205,'UPTON WY US',200710,82,492
COOP:489205,'UPTON WY US',200711,42,343
COOP:489205,'UPTON WY US',200712,90,177
COOP:489205,'UPTON WY US',200802,38,223
COOP:489205,'UPTON WY US',200803,75,334
COOP:489205,'UPTON WY US',200804,76,417
COOP:489205,'UPTON WY US',200805,677,505
COOP:489205,'UPTON WY US',200806,258,608
COOP:489205,'UPTON WY US',200807,342,718
COOP:489205,'UPTON WY US',200808,47,708
COOP:489205,'UPTON WY US',200809,198,566
COOP:489205,'UPTON WY US',200810,162,459
COOP:489205,'UPTON WY US',200811,115,363
COOP:489205,'UPTON WY US',200812,6,165
COOP:489205,'UPTON WY US',200901,75,235
COOP:489205,'UPTON WY US',200902,7,286
COOP:489205,'UPTON WY US',200903,63,348
COOP:489205,'UPTON WY US',200904,215,419
COOP:489205,'UPTON WY US',200905,50,547
COOP:489205,'UPTON WY US',200906,220,620
COOP:489205,'UPTON WY US',200907,180,715
COOP:489205,'UPTON WY US',200908,222,669
COOP:489205,'UPTON WY US',200909,40,629
COOP:489205,'UPTON WY US',200910,230,399
COOP:489205,'UPTON WY US',200911,5,380
COOP:489205,'UPTON WY US',200912,20,135
COOP:489205,'UPTON WY US',201001,8,202
COOP:489205,'UPTON WY US',201002,9,202
COOP:489205,'UPTON WY US',201003,10,387
COOP:489205,'UPTON WY US',201004,270,445
COOP:489205,'UPTON WY US',201005,477,499
COOP:489205,'UPTON WY US',201006,295,624
COOP:489205,'UPTON WY US',201007,335,708
COOP:489205,'UPTON WY US',201008,125,722
COOP:489205,'UPTON WY US',201009,24,612
COOP:489205,'UPTON WY US',201010,146,518
COOP:489205,'UPTON WY US',201011,130,292
COOP:489205,'UPTON WY US',201012,66,211
COOP:489205,'UPTON WY US',201101,100,186
COOP:489205,'UPTON WY US',201102,42,165
COOP:489205,'UPTON WY US',201103,129,319
COOP:489205,'UPTON WY US',201104,247,418
COOP:489205,'UPTON WY US',201105,632,491
COOP:489205,'UPTON WY US',201106,192,625
COOP:489205,'UPTON WY US',201108,160,732
COOP:489205,'UPTON WY US',201109,179,606
COOP:489205,'UPTON WY US',201110,68,487
COOP:489205,'UPTON WY US',201111,84,301
COOP:489205,'UPTON WY US',201201,60,240
COOP:489205,'UPTON WY US',201202,101,244
COOP:489205,'UPTON WY US',201203,7,453
COOP:489205,'UPTON WY US',201204,100,488
COOP:489205,'UPTON WY US',201205,130,554
COOP:489205,'UPTON WY US',201208,13,725
COOP:489205,'UPTON WY US',201209,3,625
COOP:489205,'UPTON WY US',201210,97,440
COOP:489205,'UPTON WY US',201212,13,229
COOP:489205,'UPTON WY US',201301,68,211
COOP:489205,'UPTON WY US',201302,23,249
COOP:489205,'UPTON WY US',201303,53,334
COOP:489205,'UPTON WY US',201304,146,375
COOP:489205,'UPTON WY US',201305,545,549
COOP:489205,'UPTON WY US',201306,180,643
COOP:489205,'UPTON WY US',201307,281,725
COOP:489205,'UPTON WY US',201308,300,722
COOP:489205,'UPTON WY US',201309,128,644
COOP:489205,'UPTON WY US',201310,383,414
COOP:489205,'UPTON WY US',201311,17,326
COOP:489205,'UPTON WY US',201312,51,174
COOP:489205,'UPTON WY US',201401,25,226
COOP:489205,'UPTON WY US',201402,16,166
COOP:489205,'UPTON WY US',201403,79,337
COOP:489205,'UPTON WY US',201404,150,431
COOP:489205,'UPTON WY US',201405,234,536
COOP:489205,'UPTON WY US',201406,236,611
COOP:489205,'UPTON WY US',201407,110,710
COOP:489208,'UPTON 14 ENE WY US',200508,196,641
COOP:489208,'UPTON 14 ENE WY US',200509,97,572
COOP:489208,'UPTON 14 ENE WY US',200510,134,446
COOP:489208,'UPTON 14 ENE WY US',200511,140,316
COOP:489208,'UPTON 14 ENE WY US',200512,146,162
COOP:489208,'UPTON 14 ENE WY US',200601,55,277
COOP:489208,'UPTON 14 ENE WY US',200602,115,182
COOP:489208,'UPTON 14 ENE WY US',200603,100,300
COOP:489208,'UPTON 14 ENE WY US',200604,295,426
COOP:489208,'UPTON 14 ENE WY US',200606,92,615
COOP:489208,'UPTON 14 ENE WY US',200607,146,702
COOP:489208,'UPTON 14 ENE WY US',200608,306,648
COOP:489208,'UPTON 14 ENE WY US',200609,319,500
COOP:489208,'UPTON 14 ENE WY US',200610,84,377
COOP:489208,'UPTON 14 ENE WY US',200611,96,290
COOP:489208,'UPTON 14 ENE WY US',200612,10,233
COOP:489208,'UPTON 14 ENE WY US',200701,34,160
COOP:489208,'UPTON 14 ENE WY US',200702,131,181
COOP:489208,'UPTON 14 ENE WY US',200703,122,373
COOP:489208,'UPTON 14 ENE WY US',200704,172,368
COOP:489208,'UPTON 14 ENE WY US',200705,270,522
COOP:489208,'UPTON 14 ENE WY US',200706,359,595
COOP:489208,'UPTON 14 ENE WY US',200707,127,703
COOP:489208,'UPTON 14 ENE WY US',200708,172,680
COOP:489208,'UPTON 14 ENE WY US',200709,45,566
COOP:489208,'UPTON 14 ENE WY US',200710,86,442
COOP:489208,'UPTON 14 ENE WY US',200711,47,293
COOP:489208,'UPTON 14 ENE WY US',200712,115,160
COOP:489208,'UPTON 14 ENE WY US',200801,104,142
COOP:489208,'UPTON 14 ENE WY US',200802,91,185
COOP:489208,'UPTON 14 ENE WY US',200803,124,268
COOP:489208,'UPTON 14 ENE WY US',200804,128,349
COOP:489208,'UPTON 14 ENE WY US',200805,658,453
COOP:489208,'UPTON 14 ENE WY US',200806,358,559
COOP:489208,'UPTON 14 ENE WY US',200807,309,659
COOP:489208,'UPTON 14 ENE WY US',200808,200,648
COOP:489208,'UPTON 14 ENE WY US',200809,212,518
COOP:489208,'UPTON 14 ENE WY US',200810,211,410
COOP:489208,'UPTON 14 ENE WY US',200811,195,322
COOP:489208,'UPTON 14 ENE WY US',200812,84,127
COOP:489208,'UPTON 14 ENE WY US',200901,125,187
COOP:489208,'UPTON 14 ENE WY US',200902,50,244
COOP:489208,'UPTON 14 ENE WY US',200903,131,285
COOP:489208,'UPTON 14 ENE WY US',200904,243,364
COOP:489208,'UPTON 14 ENE WY US',200905,135,492
COOP:489208,'UPTON 14 ENE WY US',200906,254,556
COOP:489208,'UPTON 14 ENE WY US',200907,201,625
COOP:489208,'UPTON 14 ENE WY US',200908,208,603
COOP:489208,'UPTON 14 ENE WY US',200909,88,570
COOP:489208,'UPTON 14 ENE WY US',200910,266,324
COOP:489208,'UPTON 14 ENE WY US',200911,8,347
COOP:489208,'UPTON 14 ENE WY US',200912,128,125
COOP:489208,'UPTON 14 ENE WY US',201001,62,203
COOP:489208,'UPTON 14 ENE WY US',201002,72,166
COOP:489208,'UPTON 14 ENE WY US',201003,50,334
COOP:489208,'UPTON 14 ENE WY US',201004,325,393
COOP:489208,'UPTON 14 ENE WY US',201005,503,443
COOP:489208,'UPTON 14 ENE WY US',201006,367,573
COOP:489208,'UPTON 14 ENE WY US',201007,181,641
COOP:489208,'UPTON 14 ENE WY US',201008,118,660
COOP:489208,'UPTON 14 ENE WY US',201009,48,546
COOP:489208,'UPTON 14 ENE WY US',201010,265,460
COOP:489208,'UPTON 14 ENE WY US',201011,194,262
COOP:489208,'UPTON 14 ENE WY US',201012,107,210
COOP:489208,'UPTON 14 ENE WY US',201101,204,172
COOP:489208,'UPTON 14 ENE WY US',201102,151,133
COOP:489208,'UPTON 14 ENE WY US',201103,148,297
COOP:489208,'UPTON 14 ENE WY US',201104,326,361
COOP:489208,'UPTON 14 ENE WY US',201105,638,437
COOP:489208,'UPTON 14 ENE WY US',201106,142,582
COOP:489208,'UPTON 14 ENE WY US',201107,282,687
COOP:489208,'UPTON 14 ENE WY US',201108,193,668
COOP:489208,'UPTON 14 ENE WY US',201109,139,554
COOP:489208,'UPTON 14 ENE WY US',201110,123,441
COOP:489208,'UPTON 14 ENE WY US',201111,94,289
COOP:489208,'UPTON 14 ENE WY US',201112,64,208
COOP:489208,'UPTON 14 ENE WY US',201201,122,207
COOP:489208,'UPTON 14 ENE WY US',201202,224,208
COOP:489208,'UPTON 14 ENE WY US',201203,23,394
COOP:489208,'UPTON 14 ENE WY US',201204,121,444
COOP:489208,'UPTON 14 ENE WY US',201205,166,506
COOP:489208,'UPTON 14 ENE WY US',201206,126,655
COOP:489208,'UPTON 14 ENE WY US',201207,84,731
COOP:489208,'UPTON 14 ENE WY US',201208,21,666
COOP:489208,'UPTON 14 ENE WY US',201209,5,582
COOP:489208,'UPTON 14 ENE WY US',201210,91,402
COOP:489208,'UPTON 14 ENE WY US',201211,22,333
COOP:489208,'UPTON 14 ENE WY US',201212,60,204
COOP:484065,'GREEN RIVER WY US',200002,78,318
COOP:484065,'GREEN RIVER WY US',200003,72,367
COOP:484065,'GREEN RIVER WY US',200004,118,481
COOP:484065,'GREEN RIVER WY US',200005,58,592
COOP:484065,'GREEN RIVER WY US',200010,86,464
COOP:484065,'GREEN RIVER WY US',200011,78,225
COOP:484065,'GREEN RIVER WY US',200012,13,218
COOP:484065,'GREEN RIVER WY US',200101,45,182
COOP:484065,'GREEN RIVER WY US',200103,16,373
COOP:484065,'GREEN RIVER WY US',200104,140,448
COOP:484065,'GREEN RIVER WY US',200106,50,614
COOP:484065,'GREEN RIVER WY US',200109,44,615
COOP:484065,'GREEN RIVER WY US',200112,49,180
COOP:484065,'GREEN RIVER WY US',200202,1,238
COOP:484065,'GREEN RIVER WY US',200205,37,524
COOP:484065,'GREEN RIVER WY US',200211,64,310
COOP:484065,'GREEN RIVER WY US',200301,13,296
COOP:484065,'GREEN RIVER WY US',200302,42,256
COOP:484065,'GREEN RIVER WY US',200303,97,378
COOP:484065,'GREEN RIVER WY US',200310,69,483
COOP:484065,'GREEN RIVER WY US',200401,79,135
COOP:484065,'GREEN RIVER WY US',200404,125,462
COOP:484065,'GREEN RIVER WY US',200406,189,612
COOP:484065,'GREEN RIVER WY US',200407,63,684
COOP:484065,'GREEN RIVER WY US',200409,155,574
COOP:484065,'GREEN RIVER WY US',200508,77,674
COOP:484065,'GREEN RIVER WY US',200602,46,238
COOP:484065,'GREEN RIVER WY US',200603,21,326
COOP:484065,'GREEN RIVER WY US',200606,49,651
COOP:484065,'GREEN RIVER WY US',200608,50,665
COOP:484065,'GREEN RIVER WY US',200609,114,539
COOP:484065,'GREEN RIVER WY US',200702,31,305
COOP:484065,'GREEN RIVER WY US',200705,234,558
COOP:484065,'GREEN RIVER WY US',200708,212,696
COOP:484065,'GREEN RIVER WY US',200709,253,584
COOP:484065,'GREEN RIVER WY US',200710,142,483
COOP:484065,'GREEN RIVER WY US',200711,0,344
COOP:484065,'GREEN RIVER WY US',200802,120,221
COOP:484065,'GREEN RIVER WY US',200808,60,693
COOP:484065,'GREEN RIVER WY US',200810,125,459
COOP:484065,'GREEN RIVER WY US',200811,21,397
COOP:484065,'GREEN RIVER WY US',200904,159,447
COOP:484065,'GREEN RIVER WY US',200908,81,662
COOP:484065,'GREEN RIVER WY US',200911,14,362
COOP:484065,'GREEN RIVER WY US',200912,48,182
COOP:484065,'GREEN RIVER WY US',201001,8,239
COOP:484065,'GREEN RIVER WY US',201002,25,275
COOP:484065,'GREEN RIVER WY US',201007,10,701
COOP:484065,'GREEN RIVER WY US',201008,48,682
COOP:484065,'GREEN RIVER WY US',201009,21,605
COOP:484065,'GREEN RIVER WY US',201010,76,499
COOP:484065,'GREEN RIVER WY US',201011,36,319
COOP:484065,'GREEN RIVER WY US',201012,113,246
COOP:484065,'GREEN RIVER WY US',201101,2,208
COOP:484065,'GREEN RIVER WY US',201102,42,208
COOP:484065,'GREEN RIVER WY US',201103,57,333
COOP:484065,'GREEN RIVER WY US',201104,143,402
COOP:484065,'GREEN RIVER WY US',201105,304,462
COOP:484065,'GREEN RIVER WY US',201106,70,598
COOP:484065,'GREEN RIVER WY US',201107,133,701
COOP:484065,'GREEN RIVER WY US',201108,5,704
COOP:484065,'GREEN RIVER WY US',201109,32,613
COOP:484065,'GREEN RIVER WY US',201110,130,478
COOP:484065,'GREEN RIVER WY US',201111,160,281
COOP:484065,'GREEN RIVER WY US',201112,31,196
COOP:484065,'GREEN RIVER WY US',201201,30,266
COOP:484065,'GREEN RIVER WY US',201202,48,254
COOP:484065,'GREEN RIVER WY US',201203,43,401
COOP:484065,'GREEN RIVER WY US',201204,80,472
COOP:484065,'GREEN RIVER WY US',201206,0,655
COOP:484065,'GREEN RIVER WY US',201207,30,731
COOP:484065,'GREEN RIVER WY US',201208,32,722
COOP:484065,'GREEN RIVER WY US',201209,77,615
COOP:484065,'GREEN RIVER WY US',201210,100,464
COOP:484065,'GREEN RIVER WY US',201211,105,368
COOP:484065,'GREEN RIVER WY US',201212,56,214
COOP:484065,'GREEN RIVER WY US',201301,0,141
COOP:484065,'GREEN RIVER WY US',201302,25,260
COOP:484065,'GREEN RIVER WY US',201303,45,355
COOP:484065,'GREEN RIVER WY US',201304,75,401
COOP:484065,'GREEN RIVER WY US',201305,141,537
COOP:484065,'GREEN RIVER WY US',201306,5,654
COOP:484065,'GREEN RIVER WY US',201307,5,727
COOP:484065,'GREEN RIVER WY US',201308,55,707
COOP:484065,'GREEN RIVER WY US',201309,209,602
COOP:484065,'GREEN RIVER WY US',201310,310,432
COOP:484065,'GREEN RIVER WY US',201311,15,321
COOP:484065,'GREEN RIVER WY US',201312,110,194
COOP:484065,'GREEN RIVER WY US',201401,5,270
COOP:484065,'GREEN RIVER WY US',201402,35,285
COOP:484065,'GREEN RIVER WY US',201403,105,380
COOP:484065,'GREEN RIVER WY US',201404,40,421
COOP:484065,'GREEN RIVER WY US',201405,135,539
COOP:484065,'GREEN RIVER WY US',201406,56,609
COOP:484065,'GREEN RIVER WY US',201407,121,714
COOP:484080,'GREYBULL WY US',200001,25,174
COOP:484080,'GREYBULL WY US',200002,25,306
COOP:484080,'GREYBULL WY US',200003,1,407
COOP:484080,'GREYBULL WY US',200004,79,489
COOP:484080,'GREYBULL WY US',200005,155,578
COOP:484080,'GREYBULL WY US',200006,87,655
COOP:484080,'GREYBULL WY US',200007,42,745
COOP:484080,'GREYBULL WY US',200008,25,725
COOP:484080,'GREYBULL WY US',200009,33,587
COOP:484080,'GREYBULL WY US',200010,90,467
COOP:484080,'GREYBULL WY US',200011,4,177
COOP:484080,'GREYBULL WY US',200012,1,176
COOP:484080,'GREYBULL WY US',200101,1,157
COOP:484080,'GREYBULL WY US',200102,5,149
COOP:484080,'GREYBULL WY US',200103,25,365
COOP:484080,'GREYBULL WY US',200104,95,482
COOP:484080,'GREYBULL WY US',200105,10,604
COOP:484080,'GREYBULL WY US',200106,291,666
COOP:484080,'GREYBULL WY US',200107,27,764
COOP:484080,'GREYBULL WY US',200108,37,743
COOP:484080,'GREYBULL WY US',200109,97,626
COOP:484080,'GREYBULL WY US',200110,50,467
COOP:484080,'GREYBULL WY US',200111,61,363
COOP:484080,'GREYBULL WY US',200112,3,211
COOP:484080,'GREYBULL WY US',200201,1,194
COOP:484080,'GREYBULL WY US',200202,2,225
COOP:484080,'GREYBULL WY US',200203,16,280
COOP:484080,'GREYBULL WY US',200204,63,449
COOP:484080,'GREYBULL WY US',200205,51,551
COOP:484080,'GREYBULL WY US',200206,163,681
COOP:484080,'GREYBULL WY US',200207,20,770
COOP:484080,'GREYBULL WY US',200208,50,683
COOP:484080,'GREYBULL WY US',200209,105,603
COOP:484080,'GREYBULL WY US',200210,14,403
COOP:484080,'GREYBULL WY US',200211,180,304
COOP:484080,'GREYBULL WY US',200212,0,151
COOP:484080,'GREYBULL WY US',200301,8,209
COOP:484080,'GREYBULL WY US',200302,15,220
COOP:484080,'GREYBULL WY US',200303,32,353
COOP:484080,'GREYBULL WY US',200304,37,509
COOP:484080,'GREYBULL WY US',200305,67,571
COOP:484080,'GREYBULL WY US',200306,76,648
COOP:484080,'GREYBULL WY US',200307,0,774
COOP:484080,'GREYBULL WY US',200308,2,745
COOP:484080,'GREYBULL WY US',200309,66,573
COOP:484080,'GREYBULL WY US',200310,12,499
COOP:484080,'GREYBULL WY US',200311,1,258
COOP:484080,'GREYBULL WY US',200401,0,117
COOP:484080,'GREYBULL WY US',200402,59,265
COOP:484080,'GREYBULL WY US',200403,0,428
COOP:484080,'GREYBULL WY US',200404,13,494
COOP:484080,'GREYBULL WY US',200405,14,566
COOP:484080,'GREYBULL WY US',200406,95,636
COOP:484080,'GREYBULL WY US',200410,59,470
COOP:484080,'GREYBULL WY US',200412,20,253
COOP:484080,'GREYBULL WY US',200503,56,374
COOP:484080,'GREYBULL WY US',200504,141,460
COOP:484080,'GREYBULL WY US',200506,118,647
COOP:484080,'GREYBULL WY US',200507,28,761
COOP:484080,'GREYBULL WY US',200604,39,498
COOP:484080,'GREYBULL WY US',200606,49,692
COOP:484080,'GREYBULL WY US',200607,9,759
COOP:484080,'GREYBULL WY US',200608,2,708
COOP:484080,'GREYBULL WY US',200609,89,568
COOP:484080,'GREYBULL WY US',200610,100,443
COOP:484080,'GREYBULL WY US',200711,0,398
COOP:484080,'GREYBULL WY US',200712,24,167
COOP:484080,'GREYBULL WY US',200801,74,146
COOP:484080,'GREYBULL WY US',200802,0,254
COOP:484080,'GREYBULL WY US',200803,0,344
COOP:484080,'GREYBULL WY US',200804,11,405
COOP:484080,'GREYBULL WY US',200805,227,532
COOP:484080,'GREYBULL WY US',200806,166,620
COOP:484080,'GREYBULL WY US',200807,28,712
COOP:484080,'GREYBULL WY US',200808,0,682
COOP:484080,'GREYBULL WY US',200809,119,539
COOP:484080,'GREYBULL WY US',201001,26,178
COOP:484080,'GREYBULL WY US',201002,2,233
COOP:484080,'GREYBULL WY US',201003,31,406
COOP:484080,'GREYBULL WY US',201004,34,461
COOP:484080,'GREYBULL WY US',201005,264,509
COOP:484080,'GREYBULL WY US',201006,101,641
COOP:484080,'GREYBULL WY US',201007,28,722
COOP:484080,'GREYBULL WY US',201008,26,703
COOP:484080,'GREYBULL WY US',201009,12,595
COOP:484080,'GREYBULL WY US',201010,25,514
COOP:484080,'GREYBULL WY US',201011,46,283
COOP:484080,'GREYBULL WY US',201104,136,440
COOP:484080,'GREYBULL WY US',201107,15,747
COOP:484080,'GREYBULL WY US',201109,66,606
COOP:484080,'GREYBULL WY US',201112,17,186
COOP:484080,'GREYBULL WY US',201201,2,249
COOP:484080,'GREYBULL WY US',201202,54,269
COOP:484080,'GREYBULL WY US',201203,8,442
COOP:484080,'GREYBULL WY US',201204,47,511
COOP:484080,'GREYBULL WY US',201205,77,553
COOP:484080,'GREYBULL WY US',201206,12,686
COOP:484080,'GREYBULL WY US',201207,21,769
COOP:484080,'GREYBULL WY US',201208,18,707
COOP:484080,'GREYBULL WY US',201209,4,614
COOP:484080,'GREYBULL WY US',201210,5,448
COOP:484080,'GREYBULL WY US',201211,46,330
COOP:484080,'GREYBULL WY US',201212,32,206
COOP:484080,'GREYBULL WY US',201301,61,132
COOP:484080,'GREYBULL WY US',201303,7,359
COOP:484080,'GREYBULL WY US',201305,132,576
COOP:484080,'GREYBULL WY US',201306,61,665
COOP:484080,'GREYBULL WY US',201307,21,750
COOP:484080,'GREYBULL WY US',201308,9,735
COOP:484080,'GREYBULL WY US',201309,214,630
COOP:484080,'GREYBULL WY US',201310,152,425
COOP:484080,'GREYBULL WY US',201311,19,309
COOP:484080,'GREYBULL WY US',201312,54,139
COOP:484080,'GREYBULL WY US',201401,17,196
COOP:484080,'GREYBULL WY US',201402,76,141
COOP:484080,'GREYBULL WY US',201403,24,339
COOP:484080,'GREYBULL WY US',201404,158,455
COOP:484080,'GREYBULL WY US',201405,77,570
COOP:484080,'GREYBULL WY US',201406,148,637
COOP:484080,'GREYBULL WY US',201407,28,729
COOP:489459,'WAMSUTTER WY US',200001,5,249
COOP:489459,'WAMSUTTER WY US',200002,38,291
COOP:489459,'WAMSUTTER WY US',200003,45,321
COOP:489459,'WAMSUTTER WY US',200004,61,431
COOP:489459,'WAMSUTTER WY US',200005,150,525
COOP:489459,'WAMSUTTER WY US',200006,10,606
COOP:489459,'WAMSUTTER WY US',200007,38,691
COOP:489459,'WAMSUTTER WY US',200009,240,537
COOP:489459,'WAMSUTTER WY US',200010,0,442
COOP:489459,'WAMSUTTER WY US',200011,43,169
COOP:489459,'WAMSUTTER WY US',200012,7,166
COOP:489459,'WAMSUTTER WY US',200101,80,124
COOP:489459,'WAMSUTTER WY US',200102,6,180
COOP:489459,'WAMSUTTER WY US',200103,67,299
COOP:489459,'WAMSUTTER WY US',200104,193,420
COOP:489459,'WAMSUTTER WY US',200105,202,517
COOP:489459,'WAMSUTTER WY US',200106,30,612
COOP:489459,'WAMSUTTER WY US',200107,4,693
COOP:489459,'WAMSUTTER WY US',200108,171,675
COOP:489459,'WAMSUTTER WY US',200109,24,590
COOP:489459,'WAMSUTTER WY US',200110,37,449
COOP:489459,'WAMSUTTER WY US',200111,30,331
COOP:489459,'WAMSUTTER WY US',200112,0,167
COOP:489459,'WAMSUTTER WY US',200201,3,185
COOP:489459,'WAMSUTTER WY US',200202,0,187
COOP:489459,'WAMSUTTER WY US',200203,89,254
COOP:489459,'WAMSUTTER WY US',200204,52,408
COOP:489459,'WAMSUTTER WY US',200205,26,483
COOP:489459,'WAMSUTTER WY US',200206,13,628
COOP:489459,'WAMSUTTER WY US',200207,40,712
COOP:489459,'WAMSUTTER WY US',200208,49,641
COOP:489459,'WAMSUTTER WY US',200209,9,566
COOP:489459,'WAMSUTTER WY US',200210,0,404
COOP:489459,'WAMSUTTER WY US',200301,0,272
COOP:489459,'WAMSUTTER WY US',200406,105,576
COOP:489459,'WAMSUTTER WY US',200807,21,677
COOP:489459,'WAMSUTTER WY US',200808,101,652
COOP:489459,'WAMSUTTER WY US',200809,120,536
COOP:489459,'WAMSUTTER WY US',200810,43,431
COOP:489459,'WAMSUTTER WY US',200811,16,356
COOP:489459,'WAMSUTTER WY US',200812,55,206
COOP:489459,'WAMSUTTER WY US',200901,80,228
COOP:489459,'WAMSUTTER WY US',200902,33,260
COOP:489459,'WAMSUTTER WY US',200903,54,323
COOP:489459,'WAMSUTTER WY US',200904,282,387
COOP:489459,'WAMSUTTER WY US',200905,123,514
COOP:489459,'WAMSUTTER WY US',200906,168,569
COOP:489459,'WAMSUTTER WY US',200907,121,646
COOP:489459,'WAMSUTTER WY US',200908,73,630
COOP:489459,'WAMSUTTER WY US',200909,29,576
COOP:489459,'WAMSUTTER WY US',200910,152,370
COOP:489459,'WAMSUTTER WY US',200911,66,322
COOP:489459,'WAMSUTTER WY US',201001,9,175
COOP:489459,'WAMSUTTER WY US',201002,15,187
COOP:489459,'WAMSUTTER WY US',201003,63,333
COOP:489459,'WAMSUTTER WY US',201004,146,392
COOP:489459,'WAMSUTTER WY US',201005,168,446
COOP:489459,'WAMSUTTER WY US',201006,179,589
COOP:489459,'WAMSUTTER WY US',201007,37,674
COOP:489459,'WAMSUTTER WY US',201008,102,642
COOP:489459,'WAMSUTTER WY US',201009,40,570
COOP:489459,'WAMSUTTER WY US',201010,110,474
COOP:489459,'WAMSUTTER WY US',201011,43,292
COOP:489459,'WAMSUTTER WY US',201012,196,247
COOP:489459,'WAMSUTTER WY US',201105,174,458
COOP:489459,'WAMSUTTER WY US',201108,81,667
COOP:489459,'WAMSUTTER WY US',201109,126,564
COOP:489459,'WAMSUTTER WY US',201209,46,572
COOP:489459,'WAMSUTTER WY US',201210,42,433
COOP:489459,'WAMSUTTER WY US',201211,37,364
COOP:489459,'WAMSUTTER WY US',201212,63,217
COOP:489459,'WAMSUTTER WY US',201301,9,131
COOP:489459,'WAMSUTTER WY US',201302,106,191
COOP:489459,'WAMSUTTER WY US',201303,8,324
COOP:489459,'WAMSUTTER WY US',201304,59,368
COOP:489459,'WAMSUTTER WY US',201305,83,515
COOP:489459,'WAMSUTTER WY US',201306,0,627
COOP:489459,'WAMSUTTER WY US',201307,41,689
COOP:489459,'WAMSUTTER WY US',201308,61,673
COOP:489459,'WAMSUTTER WY US',201309,225,588
COOP:489459,'WAMSUTTER WY US',201310,151,411
COOP:489459,'WAMSUTTER WY US',201311,14,305
COOP:489459,'WAMSUTTER WY US',201401,12,213
COOP:489459,'WAMSUTTER WY US',201402,4,252
COOP:489459,'WAMSUTTER WY US',201403,69,343
COOP:489459,'WAMSUTTER WY US',201404,20,402
COOP:489459,'WAMSUTTER WY US',201405,92,515
COOP:489459,'WAMSUTTER WY US',201406,27,589
COOP:489459,'WAMSUTTER WY US',201407,62,683
COOP:489467,'WAPITI 1 NE WY US',200001,127,295
COOP:489467,'WAPITI 1 NE WY US',200002,53,336
COOP:489467,'WAPITI 1 NE WY US',200003,27,374
COOP:489467,'WAPITI 1 NE WY US',200004,97,439
COOP:489467,'WAPITI 1 NE WY US',200005,247,510
COOP:489467,'WAPITI 1 NE WY US',200006,73,584
COOP:489467,'WAPITI 1 NE WY US',200007,106,693
COOP:489467,'WAPITI 1 NE WY US',200008,49,684
COOP:489467,'WAPITI 1 NE WY US',200009,54,561
COOP:489467,'WAPITI 1 NE WY US',200010,94,449
COOP:489467,'WAPITI 1 NE WY US',200011,9,282
COOP:489467,'WAPITI 1 NE WY US',200012,40,265
COOP:489467,'WAPITI 1 NE WY US',200101,0,312
COOP:489467,'WAPITI 1 NE WY US',200102,57,241
COOP:489467,'WAPITI 1 NE WY US',200103,72,366
COOP:489467,'WAPITI 1 NE WY US',200104,18,425
COOP:489467,'WAPITI 1 NE WY US',200105,57,534
COOP:489467,'WAPITI 1 NE WY US',200106,132,592
COOP:489467,'WAPITI 1 NE WY US',200107,79,692
COOP:489467,'WAPITI 1 NE WY US',200108,32,699
COOP:489467,'WAPITI 1 NE WY US',200109,86,597
COOP:489467,'WAPITI 1 NE WY US',200110,43,456
COOP:489467,'WAPITI 1 NE WY US',200111,17,411
COOP:489467,'WAPITI 1 NE WY US',200112,12,273
COOP:489467,'WAPITI 1 NE WY US',200201,57,248
COOP:489467,'WAPITI 1 NE WY US',200202,32,299
COOP:489467,'WAPITI 1 NE WY US',200203,123,240
COOP:489467,'WAPITI 1 NE WY US',200204,76,403
COOP:489467,'WAPITI 1 NE WY US',200205,71,480
COOP:489467,'WAPITI 1 NE WY US',200206,46,603
COOP:489467,'WAPITI 1 NE WY US',200207,160,700
COOP:489467,'WAPITI 1 NE WY US',200208,100,629
COOP:489467,'WAPITI 1 NE WY US',200209,85,570
COOP:489467,'WAPITI 1 NE WY US',200210,77,383
COOP:489467,'WAPITI 1 NE WY US',200211,26,351
COOP:489467,'WAPITI 1 NE WY US',200301,77,341
COOP:489467,'WAPITI 1 NE WY US',200302,75,255
COOP:489467,'WAPITI 1 NE WY US',200303,138,337
COOP:489467,'WAPITI 1 NE WY US',200304,81,449
COOP:489467,'WAPITI 1 NE WY US',200305,106,507
COOP:489467,'WAPITI 1 NE WY US',200306,137,571
COOP:489467,'WAPITI 1 NE WY US',200307,43,721
COOP:489467,'WAPITI 1 NE WY US',200308,44,690
COOP:489467,'WAPITI 1 NE WY US',200309,61,539
COOP:489467,'WAPITI 1 NE WY US',200310,36,499
COOP:489467,'WAPITI 1 NE WY US',200311,102,291
COOP:489467,'WAPITI 1 NE WY US',200312,34,310
COOP:489467,'WAPITI 1 NE WY US',200401,7,312
COOP:489467,'WAPITI 1 NE WY US',200402,0,311
COOP:489467,'WAPITI 1 NE WY US',200403,16,394
COOP:489467,'WAPITI 1 NE WY US',200404,73,450
COOP:489467,'WAPITI 1 NE WY US',200405,136,485
COOP:489467,'WAPITI 1 NE WY US',200406,120,561
COOP:489467,'WAPITI 1 NE WY US',200407,79,652
COOP:489467,'WAPITI 1 NE WY US',200408,129,611
COOP:489467,'WAPITI 1 NE WY US',200409,84,555
COOP:489467,'WAPITI 1 NE WY US',200410,87,455
COOP:489467,'WAPITI 1 NE WY US',200411,4,365
COOP:489467,'WAPITI 1 NE WY US',200412,22,325
COOP:489467,'WAPITI 1 NE WY US',200501,8,278
COOP:489467,'WAPITI 1 NE WY US',200502,38,300
COOP:489467,'WAPITI 1 NE WY US',200503,16,355
COOP:489467,'WAPITI 1 NE WY US',200504,78,420
COOP:489467,'WAPITI 1 NE WY US',200505,188,478
COOP:489467,'WAPITI 1 NE WY US',200506,254,566
COOP:489467,'WAPITI 1 NE WY US',200507,47,684
COOP:489467,'WAPITI 1 NE WY US',200509,109,558
COOP:489467,'WAPITI 1 NE WY US',200510,91,480
COOP:489467,'WAPITI 1 NE WY US',200511,60,380
COOP:489467,'WAPITI 1 NE WY US',200512,23,255
COOP:489467,'WAPITI 1 NE WY US',200601,3,347
COOP:489467,'WAPITI 1 NE WY US',200603,11,327
COOP:489467,'WAPITI 1 NE WY US',200604,48,458
COOP:489467,'WAPITI 1 NE WY US',200605,39,546
COOP:489467,'WAPITI 1 NE WY US',200606,41,624
COOP:489467,'WAPITI 1 NE WY US',200607,49,726
COOP:489467,'WAPITI 1 NE WY US',200610,13,420
COOP:489467,'WAPITI 1 NE WY US',200611,29,348
COOP:489467,'WAPITI 1 NE WY US',200612,26,306
COOP:489467,'WAPITI 1 NE WY US',200701,55,243
COOP:489467,'WAPITI 1 NE WY US',200702,37,274
COOP:489467,'WAPITI 1 NE WY US',200703,18,436
COOP:489467,'WAPITI 1 NE WY US',200704,54,434
COOP:489467,'WAPITI 1 NE WY US',200707,123,717
COOP:489467,'WAPITI 1 NE WY US',200708,218,662
COOP:489467,'WAPITI 1 NE WY US',200711,40,353
COOP:489467,'WAPITI 1 NE WY US',200802,11,312
COOP:489467,'WAPITI 1 NE WY US',200803,76,319
COOP:489467,'WAPITI 1 NE WY US',200804,53,379
COOP:489467,'WAPITI 1 NE WY US',200806,46,571
COOP:489467,'WAPITI 1 NE WY US',200902,9,318
COOP:489467,'WAPITI 1 NE WY US',200903,68,322
COOP:489467,'WAPITI 1 NE WY US',200904,107,388
COOP:489467,'WAPITI 1 NE WY US',200905,67,512
COOP:489467,'WAPITI 1 NE WY US',200907,104,647
COOP:489467,'WAPITI 1 NE WY US',200908,58,631
COOP:489467,'WAPITI 1 NE WY US',200909,15,608
COOP:489467,'WAPITI 1 NE WY US',200910,128,360
COOP:489467,'WAPITI 1 NE WY US',200911,6,392
COOP:489467,'WAPITI 1 NE WY US',201001,33,300
COOP:489467,'WAPITI 1 NE WY US',201002,12,280
COOP:489467,'WAPITI 1 NE WY US',201003,63,388
COOP:489467,'WAPITI 1 NE WY US',201004,79,395
COOP:489467,'WAPITI 1 NE WY US',201005,87,445
COOP:489467,'WAPITI 1 NE WY US',201006,106,572
COOP:489467,'WAPITI 1 NE WY US',201007,97,661
COOP:489467,'WAPITI 1 NE WY US',201012,131,283
COOP:489467,'WAPITI 1 NE WY US',201102,41,195
COOP:489467,'WAPITI 1 NE WY US',201105,349,457
COOP:489467,'WAPITI 1 NE WY US',201106,84,550
COOP:489467,'WAPITI 1 NE WY US',201110,215,481
COOP:489467,'WAPITI 1 NE WY US',201201,18,324
COOP:489467,'WAPITI 1 NE WY US',201202,53,273
COOP:489467,'WAPITI 1 NE WY US',201209,8,599
COOP:489467,'WAPITI 1 NE WY US',201211,60,383
COOP:489467,'WAPITI 1 NE WY US',201212,72,266
COOP:489467,'WAPITI 1 NE WY US',201301,61,287
COOP:482054,'CORA WY US',200001,202,141
COOP:482054,'CORA WY US',200002,109,190
COOP:482054,'CORA WY US',200003,60,208
COOP:482054,'CORA WY US',200004,25,375
COOP:482054,'CORA WY US',200005,121,442
COOP:482054,'CORA WY US',200007,6,587
COOP:482054,'CORA WY US',200008,119,587
COOP:482054,'CORA WY US',200009,28,479
COOP:482054,'CORA WY US',200010,115,362
COOP:482054,'CORA WY US',200011,66,169
COOP:482054,'CORA WY US',200012,74,131
COOP:482054,'CORA WY US',200101,23,119
COOP:482054,'CORA WY US',200102,35,132
COOP:482054,'CORA WY US',200103,16,240
COOP:482054,'CORA WY US',200104,55,346
COOP:482054,'CORA WY US',200106,36,517
COOP:482054,'CORA WY US',200107,0,599
COOP:482054,'CORA WY US',200108,20,598
COOP:482054,'CORA WY US',200109,47,513
COOP:482054,'CORA WY US',200110,53,378
COOP:482054,'CORA WY US',200111,71,281
COOP:482054,'CORA WY US',200112,127,89
COOP:482054,'CORA WY US',200201,27,85
COOP:482054,'CORA WY US',200202,8,113
COOP:482054,'CORA WY US',200203,62,193
COOP:482054,'CORA WY US',200204,31,353
COOP:482054,'CORA WY US',200205,102,427
COOP:482054,'CORA WY US',200207,22,616
COOP:482054,'CORA WY US',200208,40,554
COOP:482054,'CORA WY US',200209,109,487
COOP:482054,'CORA WY US',200210,85,338
COOP:482054,'CORA WY US',200211,61,226
COOP:482054,'CORA WY US',200303,100,266
COOP:482054,'CORA WY US',200305,29,448
COOP:482054,'CORA WY US',200306,100,508
COOP:482054,'CORA WY US',200307,0,623
COOP:482054,'CORA WY US',200308,171,607
COOP:482054,'CORA WY US',200309,67,481
COOP:482054,'CORA WY US',200310,130,422
COOP:482054,'CORA WY US',200311,55,139
COOP:482054,'CORA WY US',200312,118,154
COOP:482054,'CORA WY US',200401,55,96
COOP:482054,'CORA WY US',200402,135,117
COOP:482054,'CORA WY US',200403,23,248
COOP:482054,'CORA WY US',200404,94,387
COOP:482054,'CORA WY US',200406,147,520
COOP:482054,'CORA WY US',200409,157,466
COOP:482054,'CORA WY US',200410,176,382
COOP:482054,'CORA WY US',200411,23,267
COOP:482054,'CORA WY US',200412,124,182
COOP:482054,'CORA WY US',200501,87,154
COOP:482054,'CORA WY US',200502,16,134
COOP:482054,'CORA WY US',200503,182,245
COOP:482054,'CORA WY US',200504,121,340
COOP:482054,'CORA WY US',200505,210,437
COOP:482054,'CORA WY US',200507,24,596
COOP:482054,'CORA WY US',200508,124,561
COOP:482054,'CORA WY US',200509,72,468
COOP:482054,'CORA WY US',200510,52,400
COOP:482054,'CORA WY US',200511,116,256
COOP:482054,'CORA WY US',200512,97,138
COOP:482054,'CORA WY US',200601,119,134
COOP:482054,'CORA WY US',200602,110,108
COOP:482054,'CORA WY US',200603,0,175
COOP:482054,'CORA WY US',200604,65,376
COOP:482054,'CORA WY US',200606,77,544
COOP:482054,'CORA WY US',200607,65,629
COOP:482054,'CORA WY US',200608,42,562
COOP:482054,'CORA WY US',200705,70,450
COOP:482054,'CORA WY US',200708,100,596
COOP:482054,'CORA WY US',200709,165,491
COOP:482054,'CORA WY US',200710,149,381
COOP:482054,'CORA WY US',200801,194,62
COOP:482054,'CORA WY US',200802,133,139
COOP:482054,'CORA WY US',200803,74,180
COOP:482054,'CORA WY US',200806,35,489
COOP:482054,'CORA WY US',200809,196,474
COOP:482054,'CORA WY US',200810,142,372
COOP:482054,'CORA WY US',200901,81,168
COOP:482054,'CORA WY US',200902,45,127
COOP:482054,'CORA WY US',200904,137,326
COOP:482054,'CORA WY US',200909,58,513
COOP:482054,'CORA WY US',200910,77,325
COOP:482054,'CORA WY US',201004,93,349
COOP:482054,'CORA WY US',201005,53,363
COOP:482054,'CORA WY US',201006,168,502
COOP:482054,'CORA WY US',201009,12,504
COOP:482054,'CORA WY US',201010,0,420
COOP:482054,'CORA WY US',201012,186,159
COOP:482054,'CORA WY US',201108,20,577
COOP:482054,'CORA WY US',201109,61,505
COOP:482054,'CORA WY US',201110,107,400
COOP:482054,'CORA WY US',201112,87,156
COOP:482054,'CORA WY US',201201,195,161
COOP:482054,'CORA WY US',201209,28,513
COOP:482054,'CORA WY US',201210,87,370
COOP:482054,'CORA WY US',201211,42,283
COOP:482054,'CORA WY US',201212,99,134
COOP:482054,'CORA WY US',201301,101,115
COOP:482054,'CORA WY US',201302,20,149
COOP:484205,'HAMILTON DOME WY US',201308,43,724
COOP:484205,'HAMILTON DOME WY US',201309,268,608
COOP:484205,'HAMILTON DOME WY US',201311,31,343
COOP:484205,'HAMILTON DOME WY US',201402,61,199
COOP:484205,'HAMILTON DOME WY US',201403,55,348
COOP:484205,'HAMILTON DOME WY US',201404,114,428
COOP:484205,'HAMILTON DOME WY US',201405,54,540
COOP:484205,'HAMILTON DOME WY US',201406,245,588
COOP:484205,'HAMILTON DOME WY US',201407,57,718
COOP:484243,'HARTVILLE 7 NNE WY US',200908,89,668
COOP:484243,'HARTVILLE 7 NNE WY US',200910,19,376
COOP:484243,'HARTVILLE 7 NNE WY US',200911,14,391
COOP:484243,'HARTVILLE 7 NNE WY US',200912,34,172
COOP:484243,'HARTVILLE 7 NNE WY US',201001,3,239
COOP:484243,'HARTVILLE 7 NNE WY US',201002,9,223
COOP:484243,'HARTVILLE 7 NNE WY US',201004,251,439
COOP:484243,'HARTVILLE 7 NNE WY US',201005,341,484
COOP:484243,'HARTVILLE 7 NNE WY US',201008,141,711
COOP:484760,'HULETT WY US',200001,52,241
COOP:484760,'HULETT WY US',200002,96,292
COOP:484760,'HULETT WY US',200003,111,385
COOP:484760,'HULETT WY US',200004,143,431
COOP:484760,'HULETT WY US',200005,189,544
COOP:484760,'HULETT WY US',200006,293,616
COOP:484760,'HULETT WY US',200007,147,729
COOP:484760,'HULETT WY US',200008,25,721
COOP:484760,'HULETT WY US',200009,103,589
COOP:484760,'HULETT WY US',200010,126,479
COOP:484760,'HULETT WY US',200011,418,201
COOP:484760,'HULETT WY US',200012,13,161
COOP:484760,'HULETT WY US',200101,26,242
COOP:484760,'HULETT WY US',200102,69,185
COOP:484760,'HULETT WY US',200103,103,339
COOP:484760,'HULETT WY US',200104,200,446
COOP:484760,'HULETT WY US',200105,123,548
COOP:484760,'HULETT WY US',200106,471,628
COOP:484760,'HULETT WY US',200107,377,729
COOP:484760,'HULETT WY US',200108,21,718
COOP:484760,'HULETT WY US',200109,28,597
COOP:484760,'HULETT WY US',200111,11,370
COOP:484760,'HULETT WY US',200112,0,247
COOP:484760,'HULETT WY US',200201,44,234
COOP:484760,'HULETT WY US',200202,85,269
COOP:484760,'HULETT WY US',200203,101,232
COOP:484760,'HULETT WY US',200204,103,412
COOP:484760,'HULETT WY US',200205,205,495
COOP:484760,'HULETT WY US',200206,132,660
COOP:484760,'HULETT WY US',200207,94,755
COOP:484760,'HULETT WY US',200208,145,670
COOP:484760,'HULETT WY US',200209,186,588
COOP:484760,'HULETT WY US',200210,105,390
COOP:484760,'HULETT WY US',200211,28,348
COOP:484760,'HULETT WY US',200212,25,287
COOP:484760,'HULETT WY US',200301,73,268
COOP:484760,'HULETT WY US',200302,123,228
COOP:484760,'HULETT WY US',200303,98,319
COOP:484760,'HULETT WY US',200304,80,474
COOP:484760,'HULETT WY US',200305,190,517
COOP:484760,'HULETT WY US',200306,379,595
COOP:484760,'HULETT WY US',200307,84,734
COOP:484760,'HULETT WY US',200308,90,749
COOP:484760,'HULETT WY US',200309,276,567
COOP:484760,'HULETT WY US',200310,43,497
COOP:484760,'HULETT WY US',200311,32,267
COOP:484760,'HULETT WY US',200312,59,277
COOP:484760,'HULETT WY US',200401,38,207
COOP:484760,'HULETT WY US',200402,54,265
COOP:484760,'HULETT WY US',200403,84,385
COOP:484760,'HULETT WY US',200404,61,460
COOP:484760,'HULETT WY US',200405,230,529
COOP:484760,'HULETT WY US',200406,47,597
COOP:484760,'HULETT WY US',200407,416,693
COOP:484760,'HULETT WY US',200408,76,643
COOP:484760,'HULETT WY US',200409,112,594
COOP:484760,'HULETT WY US',200410,177,468
COOP:484760,'HULETT WY US',200411,51,355
COOP:484760,'HULETT WY US',200412,13,293
COOP:484760,'HULETT WY US',200501,31,213
COOP:484760,'HULETT WY US',200502,43,301
COOP:484760,'HULETT WY US',200503,83,366
COOP:484760,'HULETT WY US',200504,175,446
COOP:484760,'HULETT WY US',200505,380,500
COOP:484760,'HULETT WY US',200506,264,632
COOP:484760,'HULETT WY US',200507,112,730
COOP:484760,'HULETT WY US',200508,102,674
COOP:484760,'HULETT WY US',200509,71,610
COOP:484760,'HULETT WY US',200510,231,478
COOP:484760,'HULETT WY US',200511,94,370
COOP:484760,'HULETT WY US',200512,104,208
COOP:484760,'HULETT WY US',200601,4,341
COOP:484760,'HULETT WY US',200602,42,263
COOP:484760,'HULETT WY US',200603,74,340
COOP:484760,'HULETT WY US',200604,417,461
COOP:484760,'HULETT WY US',200606,87,655
COOP:484760,'HULETT WY US',200607,82,758
COOP:484760,'HULETT WY US',200608,110,696
COOP:484760,'HULETT WY US',200609,374,545
COOP:484760,'HULETT WY US',200610,115,431
COOP:484760,'HULETT WY US',200611,61,324
COOP:484760,'HULETT WY US',200612,0,276
COOP:484760,'HULETT WY US',200701,30,217
COOP:484760,'HULETT WY US',200702,152,213
COOP:484760,'HULETT WY US',200703,198,412
COOP:484760,'HULETT WY US',200704,61,409
COOP:484760,'HULETT WY US',200705,476,566
COOP:484760,'HULETT WY US',200706,320,641
COOP:484760,'HULETT WY US',200707,260,748
COOP:484760,'HULETT WY US',200708,285,713
COOP:484760,'HULETT WY US',200709,87,598
COOP:484760,'HULETT WY US',200710,140,473
COOP:484760,'HULETT WY US',200711,16,344
COOP:484760,'HULETT WY US',200712,56,212
COOP:484760,'HULETT WY US',200801,65,184
COOP:484760,'HULETT WY US',200802,91,217
COOP:484760,'HULETT WY US',200803,77,329
COOP:484760,'HULETT WY US',200804,198,406
COOP:484760,'HULETT WY US',200805,637,495
COOP:484760,'HULETT WY US',200806,576,602
COOP:484760,'HULETT WY US',200807,145,695
COOP:484760,'HULETT WY US',200808,81,688
COOP:484760,'HULETT WY US',200809,93,552
COOP:484760,'HULETT WY US',200810,138,443
COOP:484760,'HULETT WY US',200811,154,363
COOP:484760,'HULETT WY US',200812,81,149
COOP:484760,'HULETT WY US',200901,72,229
COOP:484760,'HULETT WY US',200902,115,290
COOP:484760,'HULETT WY US',200903,360,304
COOP:484760,'HULETT WY US',200904,256,391
COOP:484760,'HULETT WY US',200905,114,534
COOP:484760,'HULETT WY US',200906,335,594
COOP:484760,'HULETT WY US',200907,220,667
COOP:484760,'HULETT WY US',200908,268,639
COOP:484760,'HULETT WY US',200909,47,609
COOP:484760,'HULETT WY US',200910,203,368
COOP:484760,'HULETT WY US',200911,8,380
COOP:484760,'HULETT WY US',200912,160,142
COOP:484760,'HULETT WY US',201001,68,195
COOP:484760,'HULETT WY US',201002,58,182
COOP:484760,'HULETT WY US',201003,74,366
COOP:484760,'HULETT WY US',201004,253,444
COOP:484760,'HULETT WY US',201007,231,684
COOP:484760,'HULETT WY US',201008,141,696
COOP:484760,'HULETT WY US',201009,79,569
COOP:484760,'HULETT WY US',201010,81,504
COOP:484760,'HULETT WY US',201011,187,286
COOP:484760,'HULETT WY US',201012,66,213
COOP:484760,'HULETT WY US',201101,157,211
COOP:484760,'HULETT WY US',201102,81,170
COOP:484760,'HULETT WY US',201103,120,335
COOP:484760,'HULETT WY US',201104,235,410
COOP:484760,'HULETT WY US',201105,593,492
COOP:484760,'HULETT WY US',201106,291,612
COOP:484760,'HULETT WY US',201107,146,724
COOP:484760,'HULETT WY US',201108,129,700
COOP:484760,'HULETT WY US',201109,26,590
COOP:484760,'HULETT WY US',201110,107,481
COOP:484760,'HULETT WY US',201111,69,329
COOP:484760,'HULETT WY US',201112,64,261
COOP:484760,'HULETT WY US',201201,86,259
COOP:484760,'HULETT WY US',201202,110,240
COOP:484760,'HULETT WY US',201203,12,468
COOP:484760,'HULETT WY US',201204,204,486
COOP:484760,'HULETT WY US',201205,200,537
COOP:484760,'HULETT WY US',201210,47,432
COOP:484760,'HULETT WY US',201211,24,367
COOP:484760,'HULETT WY US',201212,71,225
COOP:484760,'HULETT WY US',201301,60,225
COOP:484760,'HULETT WY US',201303,63,307
COOP:484760,'HULETT WY US',201304,249,370
COOP:484760,'HULETT WY US',201305,572,543
COOP:484760,'HULETT WY US',201306,579,624
COOP:484760,'HULETT WY US',201307,191,700
COOP:484760,'HULETT WY US',201308,183,705
COOP:484760,'HULETT WY US',201309,157,630
COOP:484760,'HULETT WY US',201310,562,420
COOP:484760,'HULETT WY US',201311,28,331
COOP:484760,'HULETT WY US',201312,78,180
COOP:484760,'HULETT WY US',201401,65,247
COOP:484760,'HULETT WY US',201402,75,162
COOP:484760,'HULETT WY US',201403,197,313
COOP:484760,'HULETT WY US',201404,172,417
COOP:484760,'HULETT WY US',201405,349,530
COOP:484760,'HULETT WY US',201406,430,608
COOP:484760,'HULETT WY US',201407,83,681
COOP:484411,'HEART MOUNTAIN WY US',200001,70,263
COOP:484411,'HEART MOUNTAIN WY US',200002,65,311
COOP:484411,'HEART MOUNTAIN WY US',200003,55,397
COOP:484411,'HEART MOUNTAIN WY US',200004,54,476
COOP:484411,'HEART MOUNTAIN WY US',200005,185,551
COOP:484411,'HEART MOUNTAIN WY US',200006,120,623
COOP:484411,'HEART MOUNTAIN WY US',200007,80,701
COOP:484411,'HEART MOUNTAIN WY US',200008,49,689
COOP:484411,'HEART MOUNTAIN WY US',200009,104,573
COOP:484411,'HEART MOUNTAIN WY US',200010,115,459
COOP:484411,'HEART MOUNTAIN WY US',200011,23,216
COOP:484411,'HEART MOUNTAIN WY US',200012,17,192
COOP:484411,'HEART MOUNTAIN WY US',200101,13,248
COOP:484411,'HEART MOUNTAIN WY US',200102,43,194
COOP:484411,'HEART MOUNTAIN WY US',200103,33,374
COOP:484411,'HEART MOUNTAIN WY US',200104,46,460
COOP:484411,'HEART MOUNTAIN WY US',200105,13,573
COOP:484411,'HEART MOUNTAIN WY US',200106,434,630
COOP:484411,'HEART MOUNTAIN WY US',200107,31,699
COOP:484411,'HEART MOUNTAIN WY US',200108,8,706
COOP:484411,'HEART MOUNTAIN WY US',200109,105,612
COOP:484411,'HEART MOUNTAIN WY US',200110,51,462
COOP:484411,'HEART MOUNTAIN WY US',200111,22,374
COOP:484411,'HEART MOUNTAIN WY US',200112,38,240
COOP:484411,'HEART MOUNTAIN WY US',200201,40,228
COOP:484411,'HEART MOUNTAIN WY US',200202,17,248
COOP:484411,'HEART MOUNTAIN WY US',200203,75,274
COOP:484411,'HEART MOUNTAIN WY US',200204,97,421
COOP:484411,'HEART MOUNTAIN WY US',200205,66,523
COOP:484411,'HEART MOUNTAIN WY US',200206,46,637
COOP:484411,'HEART MOUNTAIN WY US',200207,90,716
COOP:484411,'HEART MOUNTAIN WY US',200208,47,641
COOP:484411,'HEART MOUNTAIN WY US',200209,65,581
COOP:484411,'HEART MOUNTAIN WY US',200210,78,400
COOP:484411,'HEART MOUNTAIN WY US',200211,70,325
COOP:484411,'HEART MOUNTAIN WY US',200212,0,232
COOP:484411,'HEART MOUNTAIN WY US',200301,46,284
COOP:484411,'HEART MOUNTAIN WY US',200302,64,240
COOP:484411,'HEART MOUNTAIN WY US',200303,109,330
COOP:484411,'HEART MOUNTAIN WY US',200304,14,486
COOP:484411,'HEART MOUNTAIN WY US',200305,173,535
COOP:484411,'HEART MOUNTAIN WY US',200306,80,607
COOP:484411,'HEART MOUNTAIN WY US',200307,55,727
COOP:484411,'HEART MOUNTAIN WY US',200308,19,705
COOP:484411,'HEART MOUNTAIN WY US',200309,22,568
COOP:484411,'HEART MOUNTAIN WY US',200310,38,511
COOP:484411,'HEART MOUNTAIN WY US',200311,36,263
COOP:484411,'HEART MOUNTAIN WY US',200312,29,268
COOP:484411,'HEART MOUNTAIN WY US',200401,17,199
COOP:484411,'HEART MOUNTAIN WY US',200402,114,293
COOP:484411,'HEART MOUNTAIN WY US',200403,0,423
COOP:484411,'HEART MOUNTAIN WY US',200405,116,526
COOP:484411,'HEART MOUNTAIN WY US',200406,124,598
COOP:484411,'HEART MOUNTAIN WY US',200407,89,684
COOP:484411,'HEART MOUNTAIN WY US',200408,139,638
COOP:484411,'HEART MOUNTAIN WY US',200409,57,584
COOP:484411,'HEART MOUNTAIN WY US',200410,86,478
COOP:484411,'HEART MOUNTAIN WY US',200411,2,358
COOP:484411,'HEART MOUNTAIN WY US',200412,8,303
COOP:484411,'HEART MOUNTAIN WY US',200501,23,228
COOP:484411,'HEART MOUNTAIN WY US',200502,23,293
COOP:484411,'HEART MOUNTAIN WY US',200503,52,383
COOP:484411,'HEART MOUNTAIN WY US',200504,180,457
COOP:484411,'HEART MOUNTAIN WY US',200505,321,524
COOP:484411,'HEART MOUNTAIN WY US',200506,157,617
COOP:484411,'HEART MOUNTAIN WY US',200507,23,714
COOP:484411,'HEART MOUNTAIN WY US',200508,58,656
COOP:484411,'HEART MOUNTAIN WY US',200509,80,586
COOP:484411,'HEART MOUNTAIN WY US',200510,75,488
COOP:484411,'HEART MOUNTAIN WY US',200511,50,348
COOP:484411,'HEART MOUNTAIN WY US',200512,20,218
COOP:484411,'HEART MOUNTAIN WY US',200601,10,335
COOP:484411,'HEART MOUNTAIN WY US',200602,17,282
COOP:484411,'HEART MOUNTAIN WY US',200603,55,362
COOP:484411,'HEART MOUNTAIN WY US',200604,41,497
COOP:484411,'HEART MOUNTAIN WY US',200605,131,569
COOP:484411,'HEART MOUNTAIN WY US',200606,32,646
COOP:484411,'HEART MOUNTAIN WY US',200607,59,731
COOP:484411,'HEART MOUNTAIN WY US',200608,28,675
COOP:484411,'HEART MOUNTAIN WY US',200609,91,574
COOP:484411,'HEART MOUNTAIN WY US',200610,62,450
COOP:484411,'HEART MOUNTAIN WY US',200611,23,350
COOP:484411,'HEART MOUNTAIN WY US',200612,30,268
COOP:484411,'HEART MOUNTAIN WY US',200701,29,187
COOP:484411,'HEART MOUNTAIN WY US',200702,40,268
COOP:484411,'HEART MOUNTAIN WY US',200703,157,427
COOP:484411,'HEART MOUNTAIN WY US',200704,215,440
COOP:484411,'HEART MOUNTAIN WY US',200705,96,560
COOP:484411,'HEART MOUNTAIN WY US',200706,181,642
COOP:484411,'HEART MOUNTAIN WY US',200707,46,741
COOP:484411,'HEART MOUNTAIN WY US',200708,63,692
COOP:484411,'HEART MOUNTAIN WY US',200709,50,586
COOP:484411,'HEART MOUNTAIN WY US',200710,115,477
COOP:484411,'HEART MOUNTAIN WY US',200711,6,363
COOP:484411,'HEART MOUNTAIN WY US',200712,48,218
COOP:484411,'HEART MOUNTAIN WY US',200801,74,192
COOP:484411,'HEART MOUNTAIN WY US',200802,12,297
COOP:484411,'HEART MOUNTAIN WY US',200803,50,338
COOP:484411,'HEART MOUNTAIN WY US',200804,20,421
COOP:484411,'HEART MOUNTAIN WY US',200805,448,523
COOP:484411,'HEART MOUNTAIN WY US',200806,23,603
COOP:484442,'HECLA 1 E WY US',200001,18,294
COOP:484442,'HECLA 1 E WY US',200002,41,337
COOP:484442,'HECLA 1 E WY US',200003,50,355
COOP:484442,'HECLA 1 E WY US',200004,88,443
COOP:484442,'HECLA 1 E WY US',200005,134,544
COOP:484442,'HECLA 1 E WY US',200006,76,605
COOP:484442,'HECLA 1 E WY US',200007,28,696
COOP:484442,'HECLA 1 E WY US',200008,139,685
COOP:484442,'HECLA 1 E WY US',200009,245,563
COOP:484442,'HECLA 1 E WY US',200010,64,448
COOP:484442,'HECLA 1 E WY US',200011,19,257
COOP:484442,'HECLA 1 E WY US',200012,54,249
COOP:484442,'HECLA 1 E WY US',200101,44,270
COOP:484442,'HECLA 1 E WY US',200102,18,259
COOP:484442,'HECLA 1 E WY US',200103,52,339
COOP:484442,'HECLA 1 E WY US',200104,162,421
COOP:484442,'HECLA 1 E WY US',200105,225,518
COOP:484442,'HECLA 1 E WY US',200106,75,618
COOP:484442,'HECLA 1 E WY US',200107,320,686
COOP:484442,'HECLA 1 E WY US',200108,190,664
COOP:484442,'HECLA 1 E WY US',200109,71,593
COOP:484442,'HECLA 1 E WY US',200110,57,460
COOP:484442,'HECLA 1 E WY US',200111,26,376
COOP:484442,'HECLA 1 E WY US',200112,4,281
COOP:484442,'HECLA 1 E WY US',200201,33,251
COOP:484442,'HECLA 1 E WY US',200202,48,281
COOP:484442,'HECLA 1 E WY US',200203,55,286
COOP:484442,'HECLA 1 E WY US',200204,42,447
COOP:484442,'HECLA 1 E WY US',200205,75,502
COOP:484442,'HECLA 1 E WY US',200206,55,645
COOP:484442,'HECLA 1 E WY US',200207,162,699
COOP:484442,'HECLA 1 E WY US',200208,116,644
COOP:484442,'HECLA 1 E WY US',200209,215,580
COOP:484442,'HECLA 1 E WY US',200210,71,384
COOP:484442,'HECLA 1 E WY US',200211,30,324
COOP:484442,'HECLA 1 E WY US',200212,5,308
COOP:484442,'HECLA 1 E WY US',200301,3,351
COOP:484442,'HECLA 1 E WY US',200302,10,248
COOP:484442,'HECLA 1 E WY US',200303,231,356
COOP:484442,'HECLA 1 E WY US',200304,332,434
COOP:484442,'HECLA 1 E WY US',200305,230,500
COOP:484442,'HECLA 1 E WY US',200306,253,557
COOP:484442,'HECLA 1 E WY US',200307,66,708
COOP:484442,'HECLA 1 E WY US',200308,117,669
COOP:484442,'HECLA 1 E WY US',200309,85,539
COOP:484442,'HECLA 1 E WY US',200310,30,499
COOP:484442,'HECLA 1 E WY US',200311,73,316
COOP:484442,'HECLA 1 E WY US',200312,59,298
COOP:484442,'HECLA 1 E WY US',200401,5,292
COOP:484442,'HECLA 1 E WY US',200402,18,271
COOP:484442,'HECLA 1 E WY US',200403,24,412
COOP:484442,'HECLA 1 E WY US',200404,164,431
COOP:484442,'HECLA 1 E WY US',200405,76,522
COOP:484442,'HECLA 1 E WY US',200406,352,574
COOP:484442,'HECLA 1 E WY US',200407,166,647
COOP:484442,'HECLA 1 E WY US',200408,97,631
COOP:484442,'HECLA 1 E WY US',200409,290,571
COOP:484442,'HECLA 1 E WY US',200410,57,452
COOP:484442,'HECLA 1 E WY US',200411,84,330
COOP:484442,'HECLA 1 E WY US',200412,9,297
COOP:484442,'HECLA 1 E WY US',200501,30,306
COOP:484442,'HECLA 1 E WY US',200502,19,307
COOP:484442,'HECLA 1 E WY US',200503,70,345
COOP:484442,'HECLA 1 E WY US',200504,117,418
COOP:484442,'HECLA 1 E WY US',200505,178,495
COOP:484442,'HECLA 1 E WY US',200506,351,574
COOP:484442,'HECLA 1 E WY US',200507,78,700
COOP:484442,'HECLA 1 E WY US',200508,118,642
COOP:484442,'HECLA 1 E WY US',200509,36,592
COOP:484442,'HECLA 1 E WY US',200510,143,481
COOP:484442,'HECLA 1 E WY US',200511,38,366
COOP:484442,'HECLA 1 E WY US',200512,31,268
COOP:484442,'HECLA 1 E WY US',200601,0,319
COOP:484442,'HECLA 1 E WY US',200602,69,265
COOP:484442,'HECLA 1 E WY US',200603,126,303
COOP:484442,'HECLA 1 E WY US',200604,45,466
COOP:484442,'HECLA 1 E WY US',200605,111,522
COOP:484442,'HECLA 1 E WY US',200606,18,647
COOP:484442,'HECLA 1 E WY US',200607,160,702
COOP:484442,'HECLA 1 E WY US',200608,97,659
COOP:484442,'HECLA 1 E WY US',200609,164,524
COOP:484442,'HECLA 1 E WY US',200610,70,439
COOP:484442,'HECLA 1 E WY US',200611,8,357
COOP:484442,'HECLA 1 E WY US',200612,73,288
COOP:484442,'HECLA 1 E WY US',200701,13,224
COOP:484442,'HECLA 1 E WY US',200702,9,306
COOP:484442,'HECLA 1 E WY US',200703,182,398
COOP:484442,'HECLA 1 E WY US',200704,133,417
COOP:484442,'HECLA 1 E WY US',200705,176,515
COOP:484442,'HECLA 1 E WY US',200706,56,625
COOP:484442,'HECLA 1 E WY US',200707,468,696
COOP:484442,'HECLA 1 E WY US',200708,256,680
COOP:484442,'HECLA 1 E WY US',200709,191,574
COOP:484442,'HECLA 1 E WY US',200710,263,475
COOP:484442,'HECLA 1 E WY US',200711,49,362
COOP:484442,'HECLA 1 E WY US',200712,94,225
COOP:484442,'HECLA 1 E WY US',200801,0,233
COOP:484442,'HECLA 1 E WY US',200802,7,288
COOP:484442,'HECLA 1 E WY US',200803,38,326
COOP:484442,'HECLA 1 E WY US',200804,58,379
COOP:484442,'HECLA 1 E WY US',200805,166,489
COOP:484442,'HECLA 1 E WY US',200806,222,588
COOP:484442,'HECLA 1 E WY US',200807,41,689
COOP:484442,'HECLA 1 E WY US',200808,364,649
COOP:484442,'HECLA 1 E WY US',200809,153,541
COOP:484442,'HECLA 1 E WY US',200810,76,466
COOP:484442,'HECLA 1 E WY US',200811,23,391
COOP:484442,'HECLA 1 E WY US',200812,26,253
COOP:484442,'HECLA 1 E WY US',200901,80,287
COOP:484442,'HECLA 1 E WY US',200902,9,323
COOP:484442,'HECLA 1 E WY US',200903,20,357
COOP:484442,'HECLA 1 E WY US',200904,166,389
COOP:484442,'HECLA 1 E WY US',200905,144,520
COOP:484442,'HECLA 1 E WY US',200906,338,573
COOP:484442,'HECLA 1 E WY US',200908,107,626
COOP:484442,'HECLA 1 E WY US',200909,47,576
COOP:484442,'HECLA 1 E WY US',200910,207,371
COOP:484442,'HECLA 1 E WY US',200911,71,363
COOP:484442,'HECLA 1 E WY US',200912,64,202
COOP:484442,'HECLA 1 E WY US',201001,34,287
COOP:484442,'HECLA 1 E WY US',201002,75,240
COOP:484442,'HECLA 1 E WY US',201003,81,356
COOP:484442,'HECLA 1 E WY US',201004,320,405
COOP:484442,'HECLA 1 E WY US',201005,108,469
COOP:484442,'HECLA 1 E WY US',201006,231,602
COOP:484442,'HECLA 1 E WY US',201007,205,659
COOP:484442,'HECLA 1 E WY US',201008,168,660
COOP:484442,'HECLA 1 E WY US',201009,6,592
COOP:484442,'HECLA 1 E WY US',201010,121,482
COOP:484442,'HECLA 1 E WY US',201011,39,329
COOP:484442,'HECLA 1 E WY US',201012,57,301
COOP:484442,'HECLA 1 E WY US',201101,12,268
COOP:484442,'HECLA 1 E WY US',201102,40,253
COOP:484442,'HECLA 1 E WY US',201103,53,359
COOP:484442,'HECLA 1 E WY US',201104,139,410
COOP:484442,'HECLA 1 E WY US',201105,288,458
COOP:484442,'HECLA 1 E WY US',201106,81,590
COOP:484442,'HECLA 1 E WY US',201107,204,693
COOP:484442,'HECLA 1 E WY US',201108,66,686
COOP:484442,'HECLA 1 E WY US',201109,67,580
COOP:484442,'HECLA 1 E WY US',201110,163,460
COOP:484442,'HECLA 1 E WY US',201111,80,348
COOP:484442,'HECLA 1 E WY US',201201,44,326
COOP:484442,'HECLA 1 E WY US',201202,110,250
COOP:484442,'HECLA 1 E WY US',201203,0,428
COOP:484442,'HECLA 1 E WY US',201204,72,474
COOP:484442,'HECLA 1 E WY US',201205,37,541
COOP:484442,'HECLA 1 E WY US',201206,127,666
COOP:484442,'HECLA 1 E WY US',201207,206,695
COOP:484442,'HECLA 1 E WY US',201208,59,676
COOP:484442,'HECLA 1 E WY US',201209,139,598
COOP:484442,'HECLA 1 E WY US',201210,118,438
COOP:484442,'HECLA 1 E WY US',201211,0,401
COOP:484442,'HECLA 1 E WY US',201212,49,258
COOP:484442,'HECLA 1 E WY US',201301,13,287
COOP:484442,'HECLA 1 E WY US',201302,41,257
COOP:484442,'HECLA 1 E WY US',201303,53,333
COOP:484442,'HECLA 1 E WY US',201304,254,356
COOP:484442,'HECLA 1 E WY US',201306,8,627
COOP:484442,'HECLA 1 E WY US',201307,336,663
COOP:484442,'HECLA 1 E WY US',201308,138,673
COOP:484442,'HECLA 1 E WY US',201309,924,583
COOP:484442,'HECLA 1 E WY US',201310,150,406
COOP:484442,'HECLA 1 E WY US',201311,27,336
COOP:484442,'HECLA 1 E WY US',201312,40,245
COOP:484442,'HECLA 1 E WY US',201401,72,279
COOP:484442,'HECLA 1 E WY US',201402,86,244
COOP:484442,'HECLA 1 E WY US',201403,107,353
COOP:484442,'HECLA 1 E WY US',201404,57,419
COOP:484442,'HECLA 1 E WY US',201405,227,497
COOP:484442,'HECLA 1 E WY US',201406,148,585
COOP:484442,'HECLA 1 E WY US',201407,352,642
COOP:483396,'FONTENELLE DAM WY US',200001,49,144
COOP:483396,'FONTENELLE DAM WY US',200002,21,194
COOP:483396,'FONTENELLE DAM WY US',200003,24,230
COOP:483396,'FONTENELLE DAM WY US',200004,21,351
COOP:483396,'FONTENELLE DAM WY US',200005,134,427
COOP:483396,'FONTENELLE DAM WY US',200006,13,495
COOP:483396,'FONTENELLE DAM WY US',200007,15,607
COOP:483396,'FONTENELLE DAM WY US',200008,81,606
COOP:483396,'FONTENELLE DAM WY US',200009,134,432
COOP:483396,'FONTENELLE DAM WY US',200010,88,313
COOP:483396,'FONTENELLE DAM WY US',200011,61,65
COOP:483396,'FONTENELLE DAM WY US',200012,4,60
COOP:483396,'FONTENELLE DAM WY US',200101,9,48
COOP:483396,'FONTENELLE DAM WY US',200102,39,93
COOP:483396,'FONTENELLE DAM WY US',200103,13,242
COOP:483396,'FONTENELLE DAM WY US',200104,131,309
COOP:483396,'FONTENELLE DAM WY US',200105,45,413
COOP:483396,'FONTENELLE DAM WY US',200106,32,493
COOP:483396,'FONTENELLE DAM WY US',200107,42,578
COOP:483396,'FONTENELLE DAM WY US',200108,77,574
COOP:483396,'FONTENELLE DAM WY US',200109,48,474
COOP:483396,'FONTENELLE DAM WY US',200110,25,325
COOP:483396,'FONTENELLE DAM WY US',200111,39,194
COOP:483396,'FONTENELLE DAM WY US',200112,26,-3
COOP:483396,'FONTENELLE DAM WY US',200201,0,56
COOP:483396,'FONTENELLE DAM WY US',200202,0,54
COOP:483396,'FONTENELLE DAM WY US',200203,81,156
COOP:483396,'FONTENELLE DAM WY US',200204,86,298
COOP:483396,'FONTENELLE DAM WY US',200205,137,384
COOP:483396,'FONTENELLE DAM WY US',200206,12,508
COOP:483396,'FONTENELLE DAM WY US',200207,41,615
COOP:483396,'FONTENELLE DAM WY US',200208,25,613
COOP:483396,'FONTENELLE DAM WY US',200209,29,528
COOP:483396,'FONTENELLE DAM WY US',200210,114,376
COOP:483396,'FONTENELLE DAM WY US',200211,27,263
COOP:483396,'FONTENELLE DAM WY US',200212,30,92
COOP:483396,'FONTENELLE DAM WY US',200301,4,159
COOP:483396,'FONTENELLE DAM WY US',200302,64,51
COOP:483396,'FONTENELLE DAM WY US',200303,68,218
COOP:483396,'FONTENELLE DAM WY US',200304,17,325
COOP:483396,'FONTENELLE DAM WY US',200305,91,434
COOP:483396,'FONTENELLE DAM WY US',200306,162,509
COOP:483396,'FONTENELLE DAM WY US',200307,13,637
COOP:483396,'FONTENELLE DAM WY US',200308,18,600
COOP:483396,'FONTENELLE DAM WY US',200309,5,464
COOP:483396,'FONTENELLE DAM WY US',200310,0,384
COOP:483396,'FONTENELLE DAM WY US',200311,16,148
COOP:483396,'FONTENELLE DAM WY US',200312,48,123
COOP:483396,'FONTENELLE DAM WY US',200401,12,14
COOP:483396,'FONTENELLE DAM WY US',200402,85,61
COOP:483396,'FONTENELLE DAM WY US',200403,4,251
COOP:483396,'FONTENELLE DAM WY US',200404,191,370
COOP:483396,'FONTENELLE DAM WY US',200405,94,430
COOP:483396,'FONTENELLE DAM WY US',200406,103,564
COOP:483396,'FONTENELLE DAM WY US',200407,9,635
COOP:483396,'FONTENELLE DAM WY US',200408,50,604
COOP:483396,'FONTENELLE DAM WY US',200409,7,518
COOP:483396,'FONTENELLE DAM WY US',200410,122,424
COOP:483396,'FONTENELLE DAM WY US',200411,111,272
COOP:483396,'FONTENELLE DAM WY US',200412,20,212
COOP:483396,'FONTENELLE DAM WY US',200501,133,145
COOP:483396,'FONTENELLE DAM WY US',200502,8,96
COOP:483396,'FONTENELLE DAM WY US',200503,90,272
COOP:483396,'FONTENELLE DAM WY US',200504,162,384
COOP:483396,'FONTENELLE DAM WY US',200505,126,472
COOP:483396,'FONTENELLE DAM WY US',200506,32,535
COOP:483396,'FONTENELLE DAM WY US',200507,26,663
COOP:483396,'FONTENELLE DAM WY US',200508,84,625
COOP:483396,'FONTENELLE DAM WY US',200509,29,514
COOP:483396,'FONTENELLE DAM WY US',200510,13,412
COOP:483396,'FONTENELLE DAM WY US',200511,22,279
COOP:483396,'FONTENELLE DAM WY US',200512,46,142
COOP:483396,'FONTENELLE DAM WY US',200601,44,186
COOP:483396,'FONTENELLE DAM WY US',200602,40,162
COOP:483396,'FONTENELLE DAM WY US',200603,37,278
COOP:483396,'FONTENELLE DAM WY US',200604,13,400
COOP:483396,'FONTENELLE DAM WY US',200605,16,492
COOP:483396,'FONTENELLE DAM WY US',200606,42,602
COOP:483396,'FONTENELLE DAM WY US',200607,16,682
COOP:483396,'FONTENELLE DAM WY US',200608,59,614
COOP:483396,'FONTENELLE DAM WY US',200609,124,510
COOP:483396,'FONTENELLE DAM WY US',200610,79,398
COOP:483396,'FONTENELLE DAM WY US',200611,58,283
COOP:483396,'FONTENELLE DAM WY US',200612,23,161
COOP:483396,'FONTENELLE DAM WY US',200701,9,58
COOP:483396,'FONTENELLE DAM WY US',200702,12,246
COOP:483396,'FONTENELLE DAM WY US',200703,68,342
COOP:483396,'FONTENELLE DAM WY US',200704,13,389
COOP:483396,'FONTENELLE DAM WY US',200705,134,488
COOP:483396,'FONTENELLE DAM WY US',200707,50,701
COOP:483396,'FONTENELLE DAM WY US',200708,124,652
COOP:483396,'FONTENELLE DAM WY US',200709,143,529
COOP:483396,'FONTENELLE DAM WY US',200710,5,423
COOP:483396,'FONTENELLE DAM WY US',200711,0,299
COOP:483396,'FONTENELLE DAM WY US',200712,46,115
COOP:483396,'FONTENELLE DAM WY US',200801,31,46
COOP:483396,'FONTENELLE DAM WY US',200802,58,136
COOP:483396,'FONTENELLE DAM WY US',200803,12,219
COOP:483396,'FONTENELLE DAM WY US',200804,15,314
COOP:483396,'FONTENELLE DAM WY US',200805,69,460
COOP:483396,'FONTENELLE DAM WY US',200806,9,551
COOP:483396,'FONTENELLE DAM WY US',200807,9,664
COOP:483396,'FONTENELLE DAM WY US',200808,50,626
COOP:483396,'FONTENELLE DAM WY US',200809,72,522
COOP:483396,'FONTENELLE DAM WY US',200810,65,414
COOP:483396,'FONTENELLE DAM WY US',200811,33,322
COOP:483396,'FONTENELLE DAM WY US',200812,9,173
COOP:483396,'FONTENELLE DAM WY US',200901,31,196
COOP:483396,'FONTENELLE DAM WY US',200902,2,224
COOP:483396,'FONTENELLE DAM WY US',200903,26,270
COOP:483396,'FONTENELLE DAM WY US',200904,99,374
COOP:483396,'FONTENELLE DAM WY US',200905,87,483
COOP:483396,'FONTENELLE DAM WY US',200906,158,550
COOP:483396,'FONTENELLE DAM WY US',200907,22,647
COOP:483396,'FONTENELLE DAM WY US',200908,79,610
COOP:483396,'FONTENELLE DAM WY US',200909,40,577
COOP:483396,'FONTENELLE DAM WY US',200910,64,358
COOP:483396,'FONTENELLE DAM WY US',200911,0,295
COOP:483396,'FONTENELLE DAM WY US',201001,3,167
COOP:483396,'FONTENELLE DAM WY US',201002,26,182
COOP:483396,'FONTENELLE DAM WY US',201003,52,318
COOP:483396,'FONTENELLE DAM WY US',201004,124,368
COOP:483396,'FONTENELLE DAM WY US',201005,60,421
COOP:483396,'FONTENELLE DAM WY US',201009,5,551
COOP:483396,'FONTENELLE DAM WY US',201010,6,446
COOP:483396,'FONTENELLE DAM WY US',201011,25,273
COOP:483396,'FONTENELLE DAM WY US',201012,33,199
COOP:483396,'FONTENELLE DAM WY US',201103,30,285
COOP:483396,'FONTENELLE DAM WY US',201104,79,360
COOP:483396,'FONTENELLE DAM WY US',201105,401,439
COOP:483396,'FONTENELLE DAM WY US',201106,44,551
COOP:483396,'FONTENELLE DAM WY US',201107,18,655
COOP:483396,'FONTENELLE DAM WY US',201108,19,665
COOP:483396,'FONTENELLE DAM WY US',201109,21,564
COOP:483396,'FONTENELLE DAM WY US',201110,31,436
COOP:483396,'FONTENELLE DAM WY US',201111,32,230
COOP:483396,'FONTENELLE DAM WY US',201112,8,138
COOP:483396,'FONTENELLE DAM WY US',201201,11,225
COOP:483396,'FONTENELLE DAM WY US',201202,10,218
COOP:483396,'FONTENELLE DAM WY US',201203,3,361
COOP:483396,'FONTENELLE DAM WY US',201204,13,427
COOP:483396,'FONTENELLE DAM WY US',201205,7,497
COOP:483396,'FONTENELLE DAM WY US',201206,1,606
COOP:483396,'FONTENELLE DAM WY US',201207,62,692
COOP:483396,'FONTENELLE DAM WY US',201208,43,680
COOP:483396,'FONTENELLE DAM WY US',201209,14,565
COOP:483396,'FONTENELLE DAM WY US',201210,68,433
COOP:483396,'FONTENELLE DAM WY US',201211,9,336
COOP:483396,'FONTENELLE DAM WY US',201212,21,171
COOP:483396,'FONTENELLE DAM WY US',201301,5,113
COOP:483396,'FONTENELLE DAM WY US',201302,33,204
COOP:483396,'FONTENELLE DAM WY US',201303,16,321
COOP:483396,'FONTENELLE DAM WY US',201304,36,361
COOP:483396,'FONTENELLE DAM WY US',201305,126,507
COOP:483396,'FONTENELLE DAM WY US',201306,1,611
COOP:483396,'FONTENELLE DAM WY US',201307,121,689
COOP:483396,'FONTENELLE DAM WY US',201308,40,668
COOP:483396,'FONTENELLE DAM WY US',201309,423,570
COOP:483396,'FONTENELLE DAM WY US',201310,139,403
COOP:483396,'FONTENELLE DAM WY US',201311,17,295
COOP:483396,'FONTENELLE DAM WY US',201312,63,157
COOP:483396,'FONTENELLE DAM WY US',201401,30,221
COOP:483396,'FONTENELLE DAM WY US',201402,31,259
COOP:483396,'FONTENELLE DAM WY US',201403,45,342
COOP:483396,'FONTENELLE DAM WY US',201404,15,384
COOP:483396,'FONTENELLE DAM WY US',201405,132,510
COOP:483396,'FONTENELLE DAM WY US',201406,100,571
COOP:483396,'FONTENELLE DAM WY US',201407,79,676
COOP:484925,'JEFFREY CITY WY US',200001,9,255
COOP:484925,'JEFFREY CITY WY US',200002,25,297
COOP:484925,'JEFFREY CITY WY US',200003,82,332
COOP:484925,'JEFFREY CITY WY US',200004,96,433
COOP:484925,'JEFFREY CITY WY US',200005,190,527
COOP:484925,'JEFFREY CITY WY US',200006,63,586
COOP:484925,'JEFFREY CITY WY US',200007,101,682
COOP:484925,'JEFFREY CITY WY US',200008,54,693
COOP:484925,'JEFFREY CITY WY US',200009,137,539
COOP:484925,'JEFFREY CITY WY US',200010,7,441
COOP:484925,'JEFFREY CITY WY US',200011,111,154
COOP:484925,'JEFFREY CITY WY US',200012,15,162
COOP:484925,'JEFFREY CITY WY US',200101,24,154
COOP:484925,'JEFFREY CITY WY US',200102,84,185
COOP:484925,'JEFFREY CITY WY US',200103,24,307
COOP:484925,'JEFFREY CITY WY US',200104,138,411
COOP:484925,'JEFFREY CITY WY US',200105,95,522
COOP:484925,'JEFFREY CITY WY US',200106,28,611
COOP:484925,'JEFFREY CITY WY US',200107,66,701
COOP:484925,'JEFFREY CITY WY US',200108,27,681
COOP:484925,'JEFFREY CITY WY US',200109,37,583
COOP:484925,'JEFFREY CITY WY US',200110,13,443
COOP:484925,'JEFFREY CITY WY US',200111,75,347
COOP:484925,'JEFFREY CITY WY US',200112,9,193
COOP:484925,'JEFFREY CITY WY US',200201,21,167
COOP:484925,'JEFFREY CITY WY US',200202,9,216
COOP:484925,'JEFFREY CITY WY US',200203,84,238
COOP:484925,'JEFFREY CITY WY US',200204,134,411
COOP:484925,'JEFFREY CITY WY US',200205,137,487
COOP:484925,'JEFFREY CITY WY US',200206,85,630
COOP:484925,'JEFFREY CITY WY US',200207,49,715
COOP:484925,'JEFFREY CITY WY US',200208,59,652
COOP:484925,'JEFFREY CITY WY US',200209,7,571
COOP:484925,'JEFFREY CITY WY US',200210,124,379
COOP:484925,'JEFFREY CITY WY US',200211,23,274
COOP:484925,'JEFFREY CITY WY US',200212,18,243
COOP:484925,'JEFFREY CITY WY US',200301,8,275
COOP:484925,'JEFFREY CITY WY US',200302,97,196
COOP:484925,'JEFFREY CITY WY US',200303,117,327
COOP:484925,'JEFFREY CITY WY US',200304,72,445
COOP:484925,'JEFFREY CITY WY US',200305,160,512
COOP:484925,'JEFFREY CITY WY US',200306,189,572
COOP:484925,'JEFFREY CITY WY US',200307,8,706
COOP:484925,'JEFFREY CITY WY US',200308,62,703
COOP:484925,'JEFFREY CITY WY US',200309,112,543
COOP:484925,'JEFFREY CITY WY US',200310,115,466
COOP:484925,'JEFFREY CITY WY US',200311,62,216
COOP:484925,'JEFFREY CITY WY US',200312,62,229
COOP:484925,'JEFFREY CITY WY US',200401,6,194
COOP:484925,'JEFFREY CITY WY US',200402,137,198
COOP:484925,'JEFFREY CITY WY US',200403,0,332
COOP:484925,'JEFFREY CITY WY US',200404,315,422
COOP:484925,'JEFFREY CITY WY US',200405,51,511
COOP:484925,'JEFFREY CITY WY US',200406,63,578
COOP:484925,'JEFFREY CITY WY US',200407,142,647
COOP:484925,'JEFFREY CITY WY US',200408,82,622
COOP:484925,'JEFFREY CITY WY US',200409,106,550
COOP:484925,'JEFFREY CITY WY US',200410,108,445
COOP:484925,'JEFFREY CITY WY US',200411,33,285
COOP:484925,'JEFFREY CITY WY US',200412,5,247
COOP:484925,'JEFFREY CITY WY US',200501,57,254
COOP:484925,'JEFFREY CITY WY US',200502,0,260
COOP:484925,'JEFFREY CITY WY US',200503,53,322
COOP:484925,'JEFFREY CITY WY US',200504,47,399
COOP:484925,'JEFFREY CITY WY US',200505,105,481
COOP:484925,'JEFFREY CITY WY US',200506,29,585
COOP:484925,'JEFFREY CITY WY US',200507,18,691
COOP:484925,'JEFFREY CITY WY US',200508,34,642
COOP:484925,'JEFFREY CITY WY US',200509,25,557
COOP:484925,'JEFFREY CITY WY US',200510,103,465
COOP:484925,'JEFFREY CITY WY US',200511,18,331
COOP:484925,'JEFFREY CITY WY US',200512,23,188
COOP:484925,'JEFFREY CITY WY US',200601,35,242
COOP:484925,'JEFFREY CITY WY US',200602,61,180
COOP:484925,'JEFFREY CITY WY US',200603,38,312
COOP:484925,'JEFFREY CITY WY US',200604,44,435
COOP:484925,'JEFFREY CITY WY US',200605,23,517
COOP:484925,'JEFFREY CITY WY US',200606,24,630
COOP:484925,'JEFFREY CITY WY US',200607,81,709
COOP:484925,'JEFFREY CITY WY US',200608,48,660
COOP:484925,'JEFFREY CITY WY US',200609,44,519
COOP:484925,'JEFFREY CITY WY US',200610,85,420
COOP:484925,'JEFFREY CITY WY US',200611,35,323
COOP:484925,'JEFFREY CITY WY US',200612,34,210
COOP:484925,'JEFFREY CITY WY US',200701,57,120
COOP:484925,'JEFFREY CITY WY US',200702,22,264
COOP:484925,'JEFFREY CITY WY US',200703,85,378
COOP:484925,'JEFFREY CITY WY US',200704,2,412
COOP:484925,'JEFFREY CITY WY US',200705,130,510
COOP:484925,'JEFFREY CITY WY US',200706,47,618
COOP:484925,'JEFFREY CITY WY US',200707,46,717
COOP:484925,'JEFFREY CITY WY US',200708,52,683
COOP:484925,'JEFFREY CITY WY US',200709,162,569
COOP:484925,'JEFFREY CITY WY US',200710,55,458
COOP:484925,'JEFFREY CITY WY US',200711,7,336
COOP:484925,'JEFFREY CITY WY US',200712,138,166
COOP:484925,'JEFFREY CITY WY US',200801,25,130
COOP:484925,'JEFFREY CITY WY US',200802,62,189
COOP:484925,'JEFFREY CITY WY US',200803,37,269
COOP:484925,'JEFFREY CITY WY US',200804,18,362
COOP:484925,'JEFFREY CITY WY US',200805,285,474
COOP:484925,'JEFFREY CITY WY US',200806,43,574
COOP:484925,'JEFFREY CITY WY US',200807,0,686
COOP:484925,'JEFFREY CITY WY US',200808,44,653
COOP:484925,'JEFFREY CITY WY US',200809,110,534
COOP:484925,'JEFFREY CITY WY US',200810,127,440
COOP:484925,'JEFFREY CITY WY US',200811,7,369
COOP:484925,'JEFFREY CITY WY US',200812,11,191
COOP:484925,'JEFFREY CITY WY US',200901,61,227
COOP:484925,'JEFFREY CITY WY US',200902,8,277
COOP:484925,'JEFFREY CITY WY US',200903,185,285
COOP:484925,'JEFFREY CITY WY US',200904,248,379
COOP:484925,'JEFFREY CITY WY US',200905,86,512
COOP:484925,'JEFFREY CITY WY US',200906,190,570
COOP:484925,'JEFFREY CITY WY US',200907,68,649
COOP:484925,'JEFFREY CITY WY US',200908,93,626
COOP:484925,'JEFFREY CITY WY US',200909,48,574
COOP:484925,'JEFFREY CITY WY US',200910,255,341
COOP:484925,'JEFFREY CITY WY US',200911,0,320
COOP:484925,'JEFFREY CITY WY US',200912,79,123
COOP:484925,'JEFFREY CITY WY US',201001,5,186
COOP:484925,'JEFFREY CITY WY US',201002,39,204
COOP:484925,'JEFFREY CITY WY US',201003,102,331
COOP:484925,'JEFFREY CITY WY US',201004,118,385
COOP:484925,'JEFFREY CITY WY US',201005,329,432
COOP:484925,'JEFFREY CITY WY US',201006,270,581
COOP:484925,'JEFFREY CITY WY US',201007,149,665
COOP:484925,'JEFFREY CITY WY US',201008,51,656
COOP:484925,'JEFFREY CITY WY US',201009,20,564
COOP:484925,'JEFFREY CITY WY US',201010,72,477
COOP:484925,'JEFFREY CITY WY US',201011,13,295
COOP:484925,'JEFFREY CITY WY US',201012,59,249
COOP:484925,'JEFFREY CITY WY US',201101,8,187
COOP:484925,'JEFFREY CITY WY US',201102,68,143
COOP:484925,'JEFFREY CITY WY US',201103,32,316
COOP:484925,'JEFFREY CITY WY US',201104,122,383
COOP:484925,'JEFFREY CITY WY US',201105,243,445
COOP:484925,'JEFFREY CITY WY US',201106,44,563
COOP:484925,'JEFFREY CITY WY US',201107,59,684
COOP:484925,'JEFFREY CITY WY US',201108,13,669
COOP:484925,'JEFFREY CITY WY US',201109,38,564
COOP:484925,'JEFFREY CITY WY US',201110,47,452
COOP:484925,'JEFFREY CITY WY US',201111,72,293
COOP:484925,'JEFFREY CITY WY US',201112,95,160
COOP:484925,'JEFFREY CITY WY US',201201,43,247
COOP:484925,'JEFFREY CITY WY US',201202,101,176
COOP:484925,'JEFFREY CITY WY US',201203,15,379
COOP:484925,'JEFFREY CITY WY US',201204,65,457
COOP:484925,'JEFFREY CITY WY US',201205,65,503
COOP:484925,'JEFFREY CITY WY US',201206,0,634
COOP:484925,'JEFFREY CITY WY US',201207,17,709
COOP:484925,'JEFFREY CITY WY US',201208,3,675
COOP:484925,'JEFFREY CITY WY US',201209,4,573
COOP:484925,'JEFFREY CITY WY US',201210,43,418
COOP:484925,'JEFFREY CITY WY US',201211,31,366
COOP:484925,'JEFFREY CITY WY US',201212,20,230
COOP:484925,'JEFFREY CITY WY US',201301,6,169
COOP:484925,'JEFFREY CITY WY US',201303,15,308
COOP:484925,'JEFFREY CITY WY US',201304,213,341
COOP:484925,'JEFFREY CITY WY US',201305,264,508
COOP:484925,'JEFFREY CITY WY US',201306,8,611
COOP:484925,'JEFFREY CITY WY US',201307,24,692
COOP:484925,'JEFFREY CITY WY US',201308,21,677
COOP:484925,'JEFFREY CITY WY US',201309,318,590
COOP:484925,'JEFFREY CITY WY US',201310,208,399
COOP:484925,'JEFFREY CITY WY US',201311,17,290
COOP:484925,'JEFFREY CITY WY US',201312,72,161
COOP:484925,'JEFFREY CITY WY US',201401,39,221
COOP:484925,'JEFFREY CITY WY US',201402,13,211
COOP:484925,'JEFFREY CITY WY US',201403,112,318
COOP:484925,'JEFFREY CITY WY US',201404,68,396
COOP:484925,'JEFFREY CITY WY US',201405,147,511
COOP:484925,'JEFFREY CITY WY US',201406,52,579
COOP:484925,'JEFFREY CITY WY US',201407,47,672
COOP:484910,'JACKSON WY US',200001,180,237
COOP:484910,'JACKSON WY US',200002,134,274
COOP:484910,'JACKSON WY US',200003,62,316
COOP:484910,'JACKSON WY US',200004,76,447
COOP:484910,'JACKSON WY US',200005,162,511
COOP:484910,'JACKSON WY US',200007,98,634
COOP:484910,'JACKSON WY US',200008,98,629
COOP:484910,'JACKSON WY US',200011,61,216
COOP:484910,'JACKSON WY US',200012,121,161
COOP:484910,'JACKSON WY US',200102,96,224
COOP:484910,'JACKSON WY US',200103,23,315
COOP:484910,'JACKSON WY US',200104,121,400
COOP:484910,'JACKSON WY US',200107,46,623
COOP:484910,'JACKSON WY US',200110,156,441
COOP:484910,'JACKSON WY US',200111,152,333
COOP:484910,'JACKSON WY US',200112,170,147
COOP:484910,'JACKSON WY US',200201,101,197
COOP:484910,'JACKSON WY US',200202,21,156
COOP:484910,'JACKSON WY US',200203,73,285
COOP:484910,'JACKSON WY US',200204,138,423
COOP:484910,'JACKSON WY US',200205,73,473
COOP:484910,'JACKSON WY US',200207,106,653
COOP:484910,'JACKSON WY US',200209,315,533
COOP:484910,'JACKSON WY US',200210,114,389
COOP:484910,'JACKSON WY US',200212,103,219
COOP:484910,'JACKSON WY US',200301,85,279
COOP:484910,'JACKSON WY US',200303,119,350
COOP:484910,'JACKSON WY US',200304,105,426
COOP:484910,'JACKSON WY US',200305,72,508
COOP:484910,'JACKSON WY US',200306,32,563
COOP:484910,'JACKSON WY US',200307,42,672
COOP:484910,'JACKSON WY US',200308,129,651
COOP:484910,'JACKSON WY US',200311,185,244
COOP:484910,'JACKSON WY US',200312,164,251
COOP:484910,'JACKSON WY US',200404,80,451
COOP:484910,'JACKSON WY US',200405,235,506
COOP:484910,'JACKSON WY US',200406,221,584
COOP:484910,'JACKSON WY US',200407,125,638
COOP:484910,'JACKSON WY US',200408,253,615
COOP:484910,'JACKSON WY US',200409,172,543
COOP:484910,'JACKSON WY US',200410,232,448
COOP:484910,'JACKSON WY US',200411,16,288
COOP:484910,'JACKSON WY US',200412,90,261
COOP:484910,'JACKSON WY US',200501,158,237
COOP:484910,'JACKSON WY US',200503,77,329
COOP:484910,'JACKSON WY US',200504,79,409
COOP:484910,'JACKSON WY US',200505,272,488
COOP:484910,'JACKSON WY US',200507,15,627
COOP:484910,'JACKSON WY US',200509,165,504
COOP:484910,'JACKSON WY US',200510,197,421
COOP:484910,'JACKSON WY US',200511,143,308
COOP:484910,'JACKSON WY US',200601,173,233
COOP:484910,'JACKSON WY US',200602,60,198
COOP:484910,'JACKSON WY US',200603,88,272
COOP:484910,'JACKSON WY US',200604,203,436
COOP:484910,'JACKSON WY US',200605,101,522
COOP:484910,'JACKSON WY US',200606,142,589
COOP:484910,'JACKSON WY US',200608,94,598
COOP:484910,'JACKSON WY US',200609,175,514
COOP:484910,'JACKSON WY US',200610,228,402
COOP:484910,'JACKSON WY US',200704,65,419
COOP:484910,'JACKSON WY US',200705,23,478
COOP:484910,'JACKSON WY US',200707,70,665
COOP:484910,'JACKSON WY US',200708,270,622
COOP:484910,'JACKSON WY US',200709,152,526
COOP:484910,'JACKSON WY US',200710,284,413
COOP:484910,'JACKSON WY US',200711,154,324
COOP:484910,'JACKSON WY US',200712,60,203
COOP:484910,'JACKSON WY US',200801,167,121
COOP:484910,'JACKSON WY US',200802,138,208
COOP:484910,'JACKSON WY US',200803,96,260
COOP:484910,'JACKSON WY US',200804,18,326
COOP:484910,'JACKSON WY US',200805,175,440
COOP:484910,'JACKSON WY US',200806,97,521
COOP:484910,'JACKSON WY US',200807,25,612
COOP:484910,'JACKSON WY US',200808,17,614
COOP:484910,'JACKSON WY US',200809,100,512
COOP:484910,'JACKSON WY US',200810,111,407
COOP:484910,'JACKSON WY US',200811,139,333
COOP:484910,'JACKSON WY US',200812,225,209
COOP:484910,'JACKSON WY US',200901,146,181
COOP:484910,'JACKSON WY US',200902,48,191
COOP:484910,'JACKSON WY US',200903,124,277
COOP:484910,'JACKSON WY US',200904,182,367
COOP:484910,'JACKSON WY US',200905,47,460
COOP:484910,'JACKSON WY US',200906,380,523
COOP:484910,'JACKSON WY US',200907,98,590
COOP:484910,'JACKSON WY US',200908,91,568
COOP:484910,'JACKSON WY US',200909,65,540
COOP:484910,'JACKSON WY US',200910,237,355
COOP:484910,'JACKSON WY US',200912,128,181
COOP:484910,'JACKSON WY US',201001,136,175
COOP:484910,'JACKSON WY US',201002,56,191
COOP:484910,'JACKSON WY US',201003,91,300
COOP:484910,'JACKSON WY US',201007,84,583
COOP:484910,'JACKSON WY US',201008,207,566
COOP:484910,'JACKSON WY US',201009,81,500
COOP:484910,'JACKSON WY US',201010,176,401
COOP:484910,'JACKSON WY US',201011,143,230
COOP:484910,'JACKSON WY US',201012,251,184
COOP:484910,'JACKSON WY US',201101,120,147
COOP:484910,'JACKSON WY US',201102,22,169
COOP:484910,'JACKSON WY US',201104,44,316
COOP:484910,'JACKSON WY US',201106,212,507
COOP:484910,'JACKSON WY US',201107,5,617
COOP:484910,'JACKSON WY US',201109,35,531
COOP:484910,'JACKSON WY US',201110,25,425
COOP:484910,'JACKSON WY US',201111,179,265
COOP:484910,'JACKSON WY US',201201,160,238
COOP:484910,'JACKSON WY US',201210,167,391
COOP:484910,'JACKSON WY US',201211,97,328
COOP:484910,'JACKSON WY US',201212,313,188
COOP:484910,'JACKSON WY US',201301,91,77
COOP:484910,'JACKSON WY US',201302,33,188
COOP:484910,'JACKSON WY US',201303,124,272
COOP:484910,'JACKSON WY US',201304,169,354
COOP:484910,'JACKSON WY US',201305,125,481
COOP:484910,'JACKSON WY US',201306,33,541
COOP:484910,'JACKSON WY US',201307,98,615
COOP:484910,'JACKSON WY US',201309,291,525
COOP:484910,'JACKSON WY US',201310,202,375
COOP:484910,'JACKSON WY US',201311,72,291
COOP:484910,'JACKSON WY US',201312,115,133
COOP:484910,'JACKSON WY US',201401,95,166
COOP:484910,'JACKSON WY US',201402,250,247
COOP:484910,'JACKSON WY US',201403,262,319
COOP:484910,'JACKSON WY US',201404,131,366
COOP:484910,'JACKSON WY US',201405,69,470
COOP:484910,'JACKSON WY US',201406,155,523
COOP:484910,'JACKSON WY US',201407,48,612
COOP:489025,'TOWER FALLS WY US',200001,113,145
COOP:489025,'TOWER FALLS WY US',200002,87,206
COOP:489025,'TOWER FALLS WY US',200003,120,240
COOP:489025,'TOWER FALLS WY US',200004,78,351
COOP:489025,'TOWER FALLS WY US',200005,280,427
COOP:489025,'TOWER FALLS WY US',200006,176,486
COOP:489025,'TOWER FALLS WY US',200007,20,569
COOP:489025,'TOWER FALLS WY US',200008,166,563
COOP:489025,'TOWER FALLS WY US',200009,221,479
COOP:489025,'TOWER FALLS WY US',200010,101,400
COOP:489025,'TOWER FALLS WY US',200011,22,158
COOP:489025,'TOWER FALLS WY US',200012,84,140
COOP:489025,'TOWER FALLS WY US',200101,34,114
COOP:489025,'TOWER FALLS WY US',200102,55,174
COOP:489025,'TOWER FALLS WY US',200103,31,298
COOP:489025,'TOWER FALLS WY US',200104,158,364
COOP:489025,'TOWER FALLS WY US',200105,191,465
COOP:489025,'TOWER FALLS WY US',200106,155,537
COOP:489025,'TOWER FALLS WY US',200107,174,613
COOP:489025,'TOWER FALLS WY US',200108,26,615
COOP:489025,'TOWER FALLS WY US',200109,50,530
COOP:489025,'TOWER FALLS WY US',200110,141,379
COOP:489025,'TOWER FALLS WY US',200111,109,304
COOP:489025,'TOWER FALLS WY US',200112,105,150
COOP:489025,'TOWER FALLS WY US',200201,88,146
COOP:489025,'TOWER FALLS WY US',200202,40,143
COOP:489025,'TOWER FALLS WY US',200203,72,222
COOP:489025,'TOWER FALLS WY US',200204,122,357
COOP:489025,'TOWER FALLS WY US',200205,183,431
COOP:489025,'TOWER FALLS WY US',200206,191,533
COOP:489025,'TOWER FALLS WY US',200207,131,628
COOP:489025,'TOWER FALLS WY US',200208,106,553
COOP:489025,'TOWER FALLS WY US',200209,108,502
COOP:489025,'TOWER FALLS WY US',200210,146,322
COOP:489025,'TOWER FALLS WY US',200211,110,220
COOP:489025,'TOWER FALLS WY US',200212,47,188
COOP:489025,'TOWER FALLS WY US',200301,90,190
COOP:489025,'TOWER FALLS WY US',200302,98,157
COOP:489025,'TOWER FALLS WY US',200303,164,280
COOP:489025,'TOWER FALLS WY US',200304,167,368
COOP:489025,'TOWER FALLS WY US',200305,167,445
COOP:489025,'TOWER FALLS WY US',200306,94,499
COOP:489025,'TOWER FALLS WY US',200307,65,623
COOP:489025,'TOWER FALLS WY US',200308,41,612
COOP:489025,'TOWER FALLS WY US',200309,69,473
COOP:489025,'TOWER FALLS WY US',200310,124,407
COOP:489025,'TOWER FALLS WY US',200311,73,188
COOP:489025,'TOWER FALLS WY US',200312,141,188
COOP:489025,'TOWER FALLS WY US',200401,195,148
COOP:489025,'TOWER FALLS WY US',200402,73,182
COOP:489025,'TOWER FALLS WY US',200403,31,334
COOP:489025,'TOWER FALLS WY US',200404,76,408
COOP:489025,'TOWER FALLS WY US',200405,196,448
COOP:489025,'TOWER FALLS WY US',200406,166,525
COOP:489025,'TOWER FALLS WY US',200407,173,596
COOP:489025,'TOWER FALLS WY US',200408,157,567
COOP:489025,'TOWER FALLS WY US',200409,213,487
COOP:489025,'TOWER FALLS WY US',200410,126,391
COOP:489025,'TOWER FALLS WY US',200411,37,258
COOP:489025,'TOWER FALLS WY US',200412,56,212
COOP:489025,'TOWER FALLS WY US',200501,151,179
COOP:489025,'TOWER FALLS WY US',200502,26,184
COOP:489025,'TOWER FALLS WY US',200503,63,287
COOP:489025,'TOWER FALLS WY US',200504,48,363
COOP:489025,'TOWER FALLS WY US',200505,138,446
COOP:489025,'TOWER FALLS WY US',200506,361,504
COOP:489025,'TOWER FALLS WY US',200507,100,604
COOP:489025,'TOWER FALLS WY US',200508,184,566
COOP:489025,'TOWER FALLS WY US',200509,127,479
COOP:489025,'TOWER FALLS WY US',200510,152,407
COOP:489025,'TOWER FALLS WY US',200511,211,257
COOP:489025,'TOWER FALLS WY US',200601,106,187
COOP:489025,'TOWER FALLS WY US',200602,36,146
COOP:489025,'TOWER FALLS WY US',200603,80,253
COOP:489025,'TOWER FALLS WY US',200604,166,379
COOP:489025,'TOWER FALLS WY US',200605,94,456
COOP:489025,'TOWER FALLS WY US',200606,162,544
COOP:489025,'TOWER FALLS WY US',200607,274,611
COOP:489025,'TOWER FALLS WY US',200608,56,565
COOP:489025,'TOWER FALLS WY US',200609,56,489
COOP:489025,'TOWER FALLS WY US',200610,236,373
COOP:489025,'TOWER FALLS WY US',200611,127,282
COOP:489025,'TOWER FALLS WY US',200612,117,163
COOP:489025,'TOWER FALLS WY US',200701,26,99
COOP:489025,'TOWER FALLS WY US',200702,120,225
COOP:489025,'TOWER FALLS WY US',200703,44,335
COOP:489025,'TOWER FALLS WY US',200704,144,388
COOP:489025,'TOWER FALLS WY US',200705,65,480
COOP:489025,'TOWER FALLS WY US',200706,121,550
COOP:489025,'TOWER FALLS WY US',200707,125,672
COOP:489025,'TOWER FALLS WY US',200708,159,601
COOP:489025,'TOWER FALLS WY US',200709,95,512
COOP:489025,'TOWER FALLS WY US',200710,293,389
COOP:489025,'TOWER FALLS WY US',200711,79,260
COOP:489025,'TOWER FALLS WY US',200712,135,138
COOP:489025,'TOWER FALLS WY US',200801,165,110
COOP:489025,'TOWER FALLS WY US',200802,49,196
COOP:489025,'TOWER FALLS WY US',200803,172,224
COOP:489025,'TOWER FALLS WY US',200804,46,293
COOP:489025,'TOWER FALLS WY US',200805,174,431
COOP:489025,'TOWER FALLS WY US',200806,40,501
COOP:489025,'TOWER FALLS WY US',200807,47,584
COOP:489025,'TOWER FALLS WY US',200808,33,591
COOP:489025,'TOWER FALLS WY US',200809,7,482
COOP:489025,'TOWER FALLS WY US',200810,61,383
COOP:489025,'TOWER FALLS WY US',200811,146,316
COOP:489025,'TOWER FALLS WY US',200812,171,133
COOP:489025,'TOWER FALLS WY US',200901,103,146
COOP:489025,'TOWER FALLS WY US',200902,67,181
COOP:489025,'TOWER FALLS WY US',200903,152,248
COOP:489025,'TOWER FALLS WY US',200904,206,350
COOP:489025,'TOWER FALLS WY US',200905,84,461
COOP:489025,'TOWER FALLS WY US',200906,228,498
COOP:489025,'TOWER FALLS WY US',200907,139,574
COOP:489025,'TOWER FALLS WY US',200908,226,573
COOP:489025,'TOWER FALLS WY US',200909,10,540
COOP:489025,'TOWER FALLS WY US',200910,160,320
COOP:489025,'TOWER FALLS WY US',200911,80,273
COOP:489025,'TOWER FALLS WY US',201001,85,180
COOP:489025,'TOWER FALLS WY US',201002,49,204
COOP:489025,'TOWER FALLS WY US',201003,65,314
COOP:489025,'TOWER FALLS WY US',201004,184,358
COOP:489025,'TOWER FALLS WY US',201005,174,400
COOP:489025,'TOWER FALLS WY US',201006,266,518
COOP:489025,'TOWER FALLS WY US',201007,59,585
COOP:489025,'TOWER FALLS WY US',201008,174,578
COOP:489025,'TOWER FALLS WY US',201009,30,509
COOP:489025,'TOWER FALLS WY US',201010,115,436
COOP:489025,'TOWER FALLS WY US',201011,267,235
COOP:489025,'TOWER FALLS WY US',201012,190,186
COOP:489025,'TOWER FALLS WY US',201101,94,151
COOP:489025,'TOWER FALLS WY US',201102,125,114
COOP:489025,'TOWER FALLS WY US',201103,202,277
COOP:489025,'TOWER FALLS WY US',201104,170,312
COOP:489025,'TOWER FALLS WY US',201105,275,419
COOP:489025,'TOWER FALLS WY US',201106,198,512
COOP:489025,'TOWER FALLS WY US',201107,83,610
COOP:489025,'TOWER FALLS WY US',201108,199,613
COOP:489025,'TOWER FALLS WY US',201109,28,529
COOP:489025,'TOWER FALLS WY US',201111,192,223
COOP:489025,'TOWER FALLS WY US',201112,94,127
COOP:489025,'TOWER FALLS WY US',201201,112,180
COOP:489025,'TOWER FALLS WY US',201202,85,180
COOP:489025,'TOWER FALLS WY US',201203,112,323
COOP:489025,'TOWER FALLS WY US',201204,213,416
COOP:489025,'TOWER FALLS WY US',201205,324,448
COOP:489025,'TOWER FALLS WY US',201206,133,546
COOP:489025,'TOWER FALLS WY US',201207,225,635
COOP:489025,'TOWER FALLS WY US',201208,69,613
COOP:489025,'TOWER FALLS WY US',201209,133,537
COOP:489025,'TOWER FALLS WY US',201210,105,373
COOP:489025,'TOWER FALLS WY US',201211,85,300
COOP:489025,'TOWER FALLS WY US',201301,61,123
COOP:489025,'TOWER FALLS WY US',201302,34,195
COOP:489025,'TOWER FALLS WY US',201303,69,257
COOP:489025,'TOWER FALLS WY US',201304,132,339
COOP:489025,'TOWER FALLS WY US',201305,130,475
COOP:489025,'TOWER FALLS WY US',201306,82,544
COOP:489025,'TOWER FALLS WY US',201307,206,628
COOP:489025,'TOWER FALLS WY US',201308,79,618
COOP:489025,'TOWER FALLS WY US',201309,245,537
COOP:489025,'TOWER FALLS WY US',201310,154,354
COOP:489025,'TOWER FALLS WY US',201311,104,270
COOP:489025,'TOWER FALLS WY US',201312,154,106
COOP:489025,'TOWER FALLS WY US',201401,128,155
COOP:489025,'TOWER FALLS WY US',201402,132,155
COOP:489025,'TOWER FALLS WY US',201403,176,267
COOP:489025,'TOWER FALLS WY US',201404,157,359
COOP:489025,'TOWER FALLS WY US',201405,112,475
COOP:489025,'TOWER FALLS WY US',201406,261,516
COOP:489025,'TOWER FALLS WY US',201407,96,615
COOP:483031,'EMBLEM WY US',200001,42,228
COOP:483031,'EMBLEM WY US',200002,6,308
COOP:483031,'EMBLEM WY US',200003,26,411
COOP:483031,'EMBLEM WY US',200004,61,491
COOP:483031,'EMBLEM WY US',200005,201,578
COOP:483031,'EMBLEM WY US',200006,105,642
COOP:483031,'EMBLEM WY US',200007,49,725
COOP:483031,'EMBLEM WY US',200008,16,708
COOP:483031,'EMBLEM WY US',200009,66,585
COOP:483031,'EMBLEM WY US',200010,81,473
COOP:483031,'EMBLEM WY US',200011,21,202
COOP:483031,'EMBLEM WY US',200012,71,186
COOP:483031,'EMBLEM WY US',200101,10,199
COOP:483031,'EMBLEM WY US',200102,14,173
COOP:483031,'EMBLEM WY US',200103,43,376
COOP:483031,'EMBLEM WY US',200104,22,476
COOP:483031,'EMBLEM WY US',200105,30,606
COOP:483031,'EMBLEM WY US',200106,192,663
COOP:483031,'EMBLEM WY US',200107,32,741
COOP:483031,'EMBLEM WY US',200108,48,733
COOP:483031,'EMBLEM WY US',200109,156,636
COOP:483031,'EMBLEM WY US',200110,44,474
COOP:483031,'EMBLEM WY US',200111,20,372
COOP:483031,'EMBLEM WY US',200112,8,228
COOP:483031,'EMBLEM WY US',200201,24,224
COOP:483031,'EMBLEM WY US',200202,8,254
COOP:483031,'EMBLEM WY US',200203,20,294
COOP:483031,'EMBLEM WY US',200204,40,458
COOP:483031,'EMBLEM WY US',200205,8,553
COOP:483031,'EMBLEM WY US',200206,74,669
COOP:483031,'EMBLEM WY US',200207,61,753
COOP:483031,'EMBLEM WY US',200208,19,668
COOP:483031,'EMBLEM WY US',200209,72,606
COOP:483031,'EMBLEM WY US',200210,47,407
COOP:483031,'EMBLEM WY US',200211,66,312
COOP:483031,'EMBLEM WY US',200212,5,209
COOP:483031,'EMBLEM WY US',200301,10,269
COOP:483031,'EMBLEM WY US',200302,16,232
COOP:483031,'EMBLEM WY US',200303,79,344
COOP:483031,'EMBLEM WY US',200304,54,498
COOP:483031,'EMBLEM WY US',200305,122,559
COOP:483031,'EMBLEM WY US',200306,71,623
COOP:483031,'EMBLEM WY US',200307,11,759
COOP:483031,'EMBLEM WY US',200308,22,720
COOP:483031,'EMBLEM WY US',200309,31,570
COOP:483031,'EMBLEM WY US',200310,32,503
COOP:483031,'EMBLEM WY US',200311,20,246
COOP:483031,'EMBLEM WY US',200312,75,263
COOP:483031,'EMBLEM WY US',200401,4,141
COOP:483031,'EMBLEM WY US',200402,45,264
COOP:483031,'EMBLEM WY US',200404,61,488
COOP:483031,'EMBLEM WY US',200405,33,543
COOP:483031,'EMBLEM WY US',200406,54,607
COOP:483031,'EMBLEM WY US',200407,65,698
COOP:483031,'EMBLEM WY US',200408,49,657
COOP:483031,'EMBLEM WY US',200409,111,597
COOP:483031,'EMBLEM WY US',200410,64,483
COOP:483031,'EMBLEM WY US',200411,0,336
COOP:483031,'EMBLEM WY US',200412,8,271
COOP:483031,'EMBLEM WY US',200501,22,204
COOP:483031,'EMBLEM WY US',200502,19,292
COOP:483031,'EMBLEM WY US',200503,48,381
COOP:483031,'EMBLEM WY US',200504,242,462
COOP:483031,'EMBLEM WY US',200505,306,531
COOP:483031,'EMBLEM WY US',200506,107,634
COOP:483031,'EMBLEM WY US',200507,63,743
COOP:483031,'EMBLEM WY US',200508,109,674
COOP:483031,'EMBLEM WY US',200509,67,592
COOP:483031,'EMBLEM WY US',200510,146,475
COOP:483031,'EMBLEM WY US',200511,41,338
COOP:483031,'EMBLEM WY US',200512,8,216
COOP:483031,'EMBLEM WY US',200601,3,306
COOP:483031,'EMBLEM WY US',200602,11,253
COOP:483031,'EMBLEM WY US',200603,34,352
COOP:483031,'EMBLEM WY US',200604,35,496
COOP:483031,'EMBLEM WY US',200605,131,545
COOP:483031,'EMBLEM WY US',200606,30,682
COOP:483031,'EMBLEM WY US',200607,40,757
COOP:483031,'EMBLEM WY US',200608,0,693
COOP:483031,'EMBLEM WY US',200609,120,572
COOP:483031,'EMBLEM WY US',200610,92,433
COOP:483031,'EMBLEM WY US',200611,31,334
COOP:483031,'EMBLEM WY US',200612,38,231
COOP:483031,'EMBLEM WY US',200701,31,156
COOP:483031,'EMBLEM WY US',200702,21,240
COOP:483031,'EMBLEM WY US',200703,71,415
COOP:483031,'EMBLEM WY US',200704,106,457
COOP:483031,'EMBLEM WY US',200705,41,567
COOP:483031,'EMBLEM WY US',200706,254,657
COOP:483031,'EMBLEM WY US',200707,20,760
COOP:483031,'EMBLEM WY US',200708,59,701
COOP:483031,'EMBLEM WY US',200709,32,599
COOP:483031,'EMBLEM WY US',200710,109,470
COOP:483031,'EMBLEM WY US',200711,5,354
COOP:483031,'EMBLEM WY US',200712,12,180
COOP:483031,'EMBLEM WY US',200801,36,159
COOP:483031,'EMBLEM WY US',200802,3,273
COOP:483031,'EMBLEM WY US',200803,25,337
COOP:483031,'EMBLEM WY US',200804,21,411
COOP:483031,'EMBLEM WY US',200805,222,525
COOP:483031,'EMBLEM WY US',200806,41,617
COOP:483031,'EMBLEM WY US',200807,19,703
COOP:483031,'EMBLEM WY US',200808,0,683
COOP:483031,'EMBLEM WY US',200809,148,552
COOP:483031,'EMBLEM WY US',200810,115,453
COOP:483031,'EMBLEM WY US',200811,12,383
COOP:483031,'EMBLEM WY US',200812,27,174
COOP:483031,'EMBLEM WY US',200901,41,190
COOP:483031,'EMBLEM WY US',200902,7,267
COOP:483031,'EMBLEM WY US',200903,3,338
COOP:483031,'EMBLEM WY US',200904,94,435
COOP:483031,'EMBLEM WY US',200905,63,559
COOP:483031,'EMBLEM WY US',200906,363,592
COOP:483031,'EMBLEM WY US',200907,113,671
COOP:483031,'EMBLEM WY US',200908,79,658
COOP:483031,'EMBLEM WY US',200909,42,630
COOP:483031,'EMBLEM WY US',200910,87,380
COOP:483031,'EMBLEM WY US',200911,0,353
COOP:483031,'EMBLEM WY US',200912,11,122
COOP:483031,'EMBLEM WY US',201001,45,193
COOP:483031,'EMBLEM WY US',201002,1,241
COOP:483031,'EMBLEM WY US',201003,7,405
COOP:483031,'EMBLEM WY US',201004,60,450
COOP:483031,'EMBLEM WY US',201005,178,490
COOP:483031,'EMBLEM WY US',201006,126,616
COOP:483031,'EMBLEM WY US',201007,22,695
COOP:483031,'EMBLEM WY US',201008,64,673
COOP:483031,'EMBLEM WY US',201009,9,592
COOP:483031,'EMBLEM WY US',201010,32,517
COOP:483031,'EMBLEM WY US',201011,60,284
COOP:483031,'EMBLEM WY US',201012,22,195
COOP:483031,'EMBLEM WY US',201101,26,168
COOP:483031,'EMBLEM WY US',201102,50,147
COOP:483031,'EMBLEM WY US',201103,40,355
COOP:483031,'EMBLEM WY US',201104,110,424
COOP:483031,'EMBLEM WY US',201105,526,506
COOP:483031,'EMBLEM WY US',201106,160,621
COOP:483031,'EMBLEM WY US',201107,18,724
COOP:483031,'EMBLEM WY US',201108,22,697
COOP:483031,'EMBLEM WY US',201109,71,606
COOP:483031,'EMBLEM WY US',201110,236,487
COOP:483031,'EMBLEM WY US',201111,28,305
COOP:483031,'EMBLEM WY US',201112,26,200
COOP:483031,'EMBLEM WY US',201201,2,266
COOP:483031,'EMBLEM WY US',201202,26,271
COOP:483031,'EMBLEM WY US',201203,47,444
COOP:483031,'EMBLEM WY US',201204,23,496
COOP:483031,'EMBLEM WY US',201205,70,542
COOP:483031,'EMBLEM WY US',201206,21,674
COOP:483031,'EMBLEM WY US',201207,35,741
COOP:483031,'EMBLEM WY US',201208,16,692
COOP:483031,'EMBLEM WY US',201209,0,614
COOP:483031,'EMBLEM WY US',201210,21,440
COOP:483031,'EMBLEM WY US',201211,40,348
COOP:483031,'EMBLEM WY US',201212,18,221
COOP:483031,'EMBLEM WY US',201301,47,170
COOP:483031,'EMBLEM WY US',201302,11,213
COOP:483031,'EMBLEM WY US',201303,10,359
COOP:483031,'EMBLEM WY US',201304,46,407
COOP:483031,'EMBLEM WY US',201305,151,563
COOP:483031,'EMBLEM WY US',201306,47,662
COOP:483031,'EMBLEM WY US',201307,80,728
COOP:483031,'EMBLEM WY US',201308,19,709
COOP:483031,'EMBLEM WY US',201309,231,613
COOP:483031,'EMBLEM WY US',201310,117,408
COOP:483031,'EMBLEM WY US',201311,19,320
COOP:483031,'EMBLEM WY US',201312,21,176
COOP:483031,'EMBLEM WY US',201401,37,209
COOP:483031,'EMBLEM WY US',201402,82,142
COOP:483031,'EMBLEM WY US',201403,28,337
COOP:483031,'EMBLEM WY US',201404,54,445
COOP:483031,'EMBLEM WY US',201405,56,560
COOP:483031,'EMBLEM WY US',201406,159,613
COOP:483031,'EMBLEM WY US',201407,21,715
COOP:483170,'FARSON 5 N WY US',200002,17,252
COOP:483170,'FARSON 5 N WY US',200003,29,294
COOP:483170,'FARSON 5 N WY US',200004,64,411
COOP:483170,'FARSON 5 N WY US',200011,23,106
COOP:483170,'FARSON 5 N WY US',200102,59,125
COOP:483170,'FARSON 5 N WY US',200103,21,303
COOP:483170,'FARSON 5 N WY US',200109,17,548
COOP:483170,'FARSON 5 N WY US',200110,45,394
COOP:483170,'FARSON 5 N WY US',200111,27,293
COOP:483170,'FARSON 5 N WY US',200201,7,72
COOP:483170,'FARSON 5 N WY US',200203,34,231
COOP:483170,'FARSON 5 N WY US',200206,0,578
COOP:483170,'FARSON 5 N WY US',200303,70,297
COOP:483170,'FARSON 5 N WY US',200304,23,396
COOP:483170,'FARSON 5 N WY US',200305,32,475
COOP:483170,'FARSON 5 N WY US',200403,18,241
COOP:483170,'FARSON 5 N WY US',200405,69,473
COOP:483170,'FARSON 5 N WY US',200501,89,137
COOP:483170,'FARSON 5 N WY US',200511,0,266
COOP:483170,'FARSON 5 N WY US',200512,36,106
COOP:483170,'FARSON 5 N WY US',200601,57,126
COOP:483170,'FARSON 5 N WY US',200609,142,486
COOP:483170,'FARSON 5 N WY US',200610,51,396
COOP:483170,'FARSON 5 N WY US',200612,23,139
COOP:483170,'FARSON 5 N WY US',200703,44,376
COOP:483170,'FARSON 5 N WY US',200704,68,384
COOP:483170,'FARSON 5 N WY US',200705,128,481
COOP:483170,'FARSON 5 N WY US',200708,68,641
COOP:483170,'FARSON 5 N WY US',200710,75,409
COOP:483170,'FARSON 5 N WY US',200803,7,160
COOP:483170,'FARSON 5 N WY US',200805,160,451
COOP:483170,'FARSON 5 N WY US',200812,29,146
COOP:483170,'FARSON 5 N WY US',200901,31,139
COOP:483170,'FARSON 5 N WY US',200902,15,172
COOP:483170,'FARSON 5 N WY US',200904,70,383
COOP:483170,'FARSON 5 N WY US',200905,131,479
COOP:483170,'FARSON 5 N WY US',200906,263,529
COOP:483170,'FARSON 5 N WY US',200907,9,626
COOP:483170,'FARSON 5 N WY US',200910,113,330
COOP:483170,'FARSON 5 N WY US',201112,5,131
COOP:483170,'FARSON 5 N WY US',201201,45,168
COOP:483170,'FARSON 5 N WY US',201209,39,542
COOP:483170,'FARSON 5 N WY US',201211,81,298
COOP:483170,'FARSON 5 N WY US',201301,16,74
COOP:483170,'FARSON 5 N WY US',201303,0,286
COOP:483170,'FARSON 5 N WY US',201304,26,331
COOP:483170,'FARSON 5 N WY US',201305,123,479
COOP:483170,'FARSON 5 N WY US',201306,3,597
COOP:483170,'FARSON 5 N WY US',201308,27,634
COOP:483170,'FARSON 5 N WY US',201310,120,371
COOP:483170,'FARSON 5 N WY US',201311,11,259
COOP:483170,'FARSON 5 N WY US',201401,16,141
COOP:483170,'FARSON 5 N WY US',201402,39,167
COOP:483170,'FARSON 5 N WY US',201403,65,310
COOP:483170,'FARSON 5 N WY US',201404,13,352
COOP:483170,'FARSON 5 N WY US',201405,80,499
COOP:483170,'FARSON 5 N WY US',201407,47,641
COOP:483100,'EVANSTON 1 E WY US',200001,105,250
COOP:483100,'EVANSTON 1 E WY US',200002,59,296
COOP:483100,'EVANSTON 1 E WY US',200003,73,326
COOP:483100,'EVANSTON 1 E WY US',200004,56,447
COOP:483100,'EVANSTON 1 E WY US',200005,181,511
COOP:483100,'EVANSTON 1 E WY US',200006,17,575
COOP:483100,'EVANSTON 1 E WY US',200007,50,653
COOP:483100,'EVANSTON 1 E WY US',200008,116,650
COOP:483100,'EVANSTON 1 E WY US',200009,147,529
COOP:483100,'EVANSTON 1 E WY US',200011,44,218
COOP:483100,'EVANSTON 1 E WY US',200012,60,222
COOP:483100,'EVANSTON 1 E WY US',200101,15,186
COOP:483100,'EVANSTON 1 E WY US',200102,119,222
COOP:483100,'EVANSTON 1 E WY US',200103,13,330
COOP:483100,'EVANSTON 1 E WY US',200104,177,412
COOP:483100,'EVANSTON 1 E WY US',200106,33,580
COOP:483100,'EVANSTON 1 E WY US',200107,183,651
COOP:483100,'EVANSTON 1 E WY US',200108,81,648
COOP:483100,'EVANSTON 1 E WY US',200109,7,576
COOP:483100,'EVANSTON 1 E WY US',200110,6,456
COOP:483100,'EVANSTON 1 E WY US',200111,305,339
COOP:483100,'EVANSTON 1 E WY US',200112,69,178
COOP:483100,'EVANSTON 1 E WY US',200201,14,200
COOP:483100,'EVANSTON 1 E WY US',200202,11,193
COOP:483100,'EVANSTON 1 E WY US',200203,43,277
COOP:483100,'EVANSTON 1 E WY US',200204,144,426
COOP:483100,'EVANSTON 1 E WY US',200205,115,493
COOP:483100,'EVANSTON 1 E WY US',200206,12,585
COOP:483100,'EVANSTON 1 E WY US',200207,64,674
COOP:483100,'EVANSTON 1 E WY US',200208,14,623
COOP:483100,'EVANSTON 1 E WY US',200209,175,548
COOP:483100,'EVANSTON 1 E WY US',200210,154,401
COOP:483100,'EVANSTON 1 E WY US',200211,155,287
COOP:483100,'EVANSTON 1 E WY US',200212,34,259
COOP:483100,'EVANSTON 1 E WY US',200301,0,317
COOP:483100,'EVANSTON 1 E WY US',200302,122,219
COOP:483100,'EVANSTON 1 E WY US',200303,89,341
COOP:483100,'EVANSTON 1 E WY US',200304,67,426
COOP:483100,'EVANSTON 1 E WY US',200305,168,499
COOP:483100,'EVANSTON 1 E WY US',200306,229,568
COOP:483100,'EVANSTON 1 E WY US',200307,66,679
COOP:483100,'EVANSTON 1 E WY US',200308,169,658
COOP:483100,'EVANSTON 1 E WY US',200309,22,543
COOP:483100,'EVANSTON 1 E WY US',200310,0,489
COOP:483100,'EVANSTON 1 E WY US',200311,156,256
COOP:483100,'EVANSTON 1 E WY US',200312,107,255
COOP:483100,'EVANSTON 1 E WY US',200401,101,201
COOP:483100,'EVANSTON 1 E WY US',200402,80,195
COOP:483100,'EVANSTON 1 E WY US',200403,25,367
COOP:483100,'EVANSTON 1 E WY US',200404,66,422
COOP:483100,'EVANSTON 1 E WY US',200405,73,489
COOP:483100,'EVANSTON 1 E WY US',200406,227,575
COOP:483100,'EVANSTON 1 E WY US',200407,68,641
COOP:483100,'EVANSTON 1 E WY US',200408,168,601
COOP:483100,'EVANSTON 1 E WY US',200409,59,532
COOP:483100,'EVANSTON 1 E WY US',200410,285,435
COOP:483100,'EVANSTON 1 E WY US',200411,157,313
COOP:483100,'EVANSTON 1 E WY US',200412,0,255
COOP:483100,'EVANSTON 1 E WY US',200501,213,253
COOP:483100,'EVANSTON 1 E WY US',200502,52,220
COOP:483100,'EVANSTON 1 E WY US',200503,81,324
COOP:483100,'EVANSTON 1 E WY US',200504,173,408
COOP:483100,'EVANSTON 1 E WY US',200505,394,497
COOP:483100,'EVANSTON 1 E WY US',200506,187,541
COOP:483100,'EVANSTON 1 E WY US',200507,0,660
COOP:483100,'EVANSTON 1 E WY US',200508,71,625
COOP:483100,'EVANSTON 1 E WY US',200509,94,534
COOP:483100,'EVANSTON 1 E WY US',200510,44,453
COOP:483100,'EVANSTON 1 E WY US',200511,54,336
COOP:483100,'EVANSTON 1 E WY US',200512,126,200
COOP:483100,'EVANSTON 1 E WY US',200601,243,237
COOP:483100,'EVANSTON 1 E WY US',200602,121,208
COOP:483100,'EVANSTON 1 E WY US',200603,79,299
COOP:483100,'EVANSTON 1 E WY US',200604,102,434
COOP:483100,'EVANSTON 1 E WY US',200606,110,594
COOP:483100,'EVANSTON 1 E WY US',200607,19,676
COOP:483100,'EVANSTON 1 E WY US',200608,220,615
COOP:483100,'EVANSTON 1 E WY US',200609,240,511
COOP:483100,'EVANSTON 1 E WY US',200610,109,422
COOP:483100,'EVANSTON 1 E WY US',200611,168,318
COOP:483100,'EVANSTON 1 E WY US',200612,88,221
COOP:483100,'EVANSTON 1 E WY US',200701,61,144
COOP:483100,'EVANSTON 1 E WY US',200702,0,267
COOP:483100,'EVANSTON 1 E WY US',200703,40,374
COOP:483100,'EVANSTON 1 E WY US',200704,70,422
COOP:483100,'EVANSTON 1 E WY US',200705,101,502
COOP:483100,'EVANSTON 1 E WY US',200706,16,581
COOP:483100,'EVANSTON 1 E WY US',200707,54,680
COOP:483100,'EVANSTON 1 E WY US',200708,103,645
COOP:483100,'EVANSTON 1 E WY US',200709,170,541
COOP:483100,'EVANSTON 1 E WY US',200710,153,449
COOP:483100,'EVANSTON 1 E WY US',200711,5,356
COOP:483100,'EVANSTON 1 E WY US',200712,114,185
COOP:483100,'EVANSTON 1 E WY US',200801,156,165
COOP:483100,'EVANSTON 1 E WY US',200802,49,213
COOP:483100,'EVANSTON 1 E WY US',200803,18,272
COOP:483100,'EVANSTON 1 E WY US',200804,2,347
COOP:483100,'EVANSTON 1 E WY US',200805,136,475
COOP:483100,'EVANSTON 1 E WY US',200808,41,633
COOP:483100,'EVANSTON 1 E WY US',200809,176,533
COOP:483100,'EVANSTON 1 E WY US',200810,53,438
COOP:483100,'EVANSTON 1 E WY US',200811,41,358
COOP:483100,'EVANSTON 1 E WY US',200812,154,224
COOP:483100,'EVANSTON 1 E WY US',200901,20,233
COOP:483100,'EVANSTON 1 E WY US',200902,29,265
COOP:483100,'EVANSTON 1 E WY US',200903,102,320
COOP:483100,'EVANSTON 1 E WY US',200904,134,395
COOP:483100,'EVANSTON 1 E WY US',200905,127,496
COOP:483100,'EVANSTON 1 E WY US',200906,315,558
COOP:483100,'EVANSTON 1 E WY US',200907,60,635
COOP:483100,'EVANSTON 1 E WY US',200910,80,403
COOP:483100,'EVANSTON 1 E WY US',201001,5,246
COOP:483100,'EVANSTON 1 E WY US',201002,14,233
COOP:483100,'EVANSTON 1 E WY US',201003,86,327
COOP:483100,'EVANSTON 1 E WY US',201004,145,378
COOP:483100,'EVANSTON 1 E WY US',201006,261,565
COOP:483100,'EVANSTON 1 E WY US',201007,254,573
COOP:483100,'EVANSTON 1 E WY US',201008,88,641
COOP:483100,'EVANSTON 1 E WY US',201101,0,215
COOP:483100,'EVANSTON 1 E WY US',201103,131,286
COOP:483100,'EVANSTON 1 E WY US',201110,73,450
COOP:483100,'EVANSTON 1 E WY US',201111,154,265
COOP:483100,'EVANSTON 1 E WY US',201202,16,238
COOP:483100,'EVANSTON 1 E WY US',201203,10,383
COOP:483100,'EVANSTON 1 E WY US',201205,70,496
COOP:483100,'EVANSTON 1 E WY US',201206,2,585
COOP:483100,'EVANSTON 1 E WY US',201211,80,351
COOP:483100,'EVANSTON 1 E WY US',201212,83,220
COOP:483100,'EVANSTON 1 E WY US',201301,50,201
COOP:483100,'EVANSTON 1 E WY US',201302,28,244
COOP:483100,'EVANSTON 1 E WY US',201303,8,352
COOP:483100,'EVANSTON 1 E WY US',201304,111,398
COOP:483100,'EVANSTON 1 E WY US',201305,32,521
COOP:483100,'EVANSTON 1 E WY US',201306,0,628
COOP:483100,'EVANSTON 1 E WY US',201307,147,694
COOP:483100,'EVANSTON 1 E WY US',201308,108,681
COOP:483100,'EVANSTON 1 E WY US',201310,172,414
COOP:483100,'EVANSTON 1 E WY US',201311,27,336
COOP:483100,'EVANSTON 1 E WY US',201312,178,186
COOP:483100,'EVANSTON 1 E WY US',201401,45,239
COOP:483100,'EVANSTON 1 E WY US',201402,143,271
COOP:483100,'EVANSTON 1 E WY US',201403,63,340
COOP:483100,'EVANSTON 1 E WY US',201404,176,390
COOP:483100,'EVANSTON 1 E WY US',201405,159,500
COOP:483100,'EVANSTON 1 E WY US',201406,125,551
COOP:483100,'EVANSTON 1 E WY US',201407,120,670
COOP:480270,'ARCHER WY US',200001,26,303
COOP:480270,'ARCHER WY US',200002,58,347
COOP:480270,'ARCHER WY US',200003,121,381
COOP:480270,'ARCHER WY US',200004,51,462
COOP:480270,'ARCHER WY US',200005,252,562
COOP:480270,'ARCHER WY US',200006,36,633
COOP:480270,'ARCHER WY US',200007,98,727
COOP:480270,'ARCHER WY US',200008,119,719
COOP:480270,'ARCHER WY US',200009,272,593
COOP:480270,'ARCHER WY US',200010,23,471
COOP:480270,'ARCHER WY US',200011,50,258
COOP:480270,'ARCHER WY US',200012,79,252
COOP:480270,'ARCHER WY US',200101,36,272
COOP:480270,'ARCHER WY US',200102,28,266
COOP:480270,'ARCHER WY US',200103,46,357
COOP:480270,'ARCHER WY US',200104,219,440
COOP:480270,'ARCHER WY US',200105,244,526
COOP:480270,'ARCHER WY US',200106,177,637
COOP:480270,'ARCHER WY US',200107,366,716
COOP:480270,'ARCHER WY US',200108,186,694
COOP:480270,'ARCHER WY US',200109,147,616
COOP:480270,'ARCHER WY US',200110,73,473
COOP:480270,'ARCHER WY US',200111,20,399
COOP:480270,'ARCHER WY US',200112,2,292
COOP:480270,'ARCHER WY US',200201,13,277
COOP:480270,'ARCHER WY US',200202,41,293
COOP:480270,'ARCHER WY US',200203,105,300
COOP:480270,'ARCHER WY US',200204,53,452
COOP:480270,'ARCHER WY US',200205,82,516
COOP:480270,'ARCHER WY US',200206,93,683
COOP:480270,'ARCHER WY US',200207,56,738
COOP:480270,'ARCHER WY US',200208,116,674
COOP:480270,'ARCHER WY US',200209,215,597
COOP:480270,'ARCHER WY US',200210,110,400
COOP:480270,'ARCHER WY US',200211,55,339
COOP:480270,'ARCHER WY US',200212,5,313
COOP:480270,'ARCHER WY US',200301,13,342
COOP:480270,'ARCHER WY US',200302,53,255
COOP:480270,'ARCHER WY US',200303,215,367
COOP:480270,'ARCHER WY US',200304,160,460
COOP:480270,'ARCHER WY US',200305,200,533
COOP:480270,'ARCHER WY US',200306,404,575
COOP:480270,'ARCHER WY US',200307,93,741
COOP:480270,'ARCHER WY US',200308,54,705
COOP:480270,'ARCHER WY US',200309,134,567
COOP:480270,'ARCHER WY US',200310,13,516
COOP:480270,'ARCHER WY US',200311,59,319
COOP:480270,'ARCHER WY US',200312,70,289
COOP:480270,'ARCHER WY US',200401,16,301
COOP:480270,'ARCHER WY US',200402,41,278
COOP:480270,'ARCHER WY US',200403,35,403
COOP:480270,'ARCHER WY US',200404,69,450
COOP:480270,'ARCHER WY US',200405,109,547
COOP:480270,'ARCHER WY US',200406,323,593
COOP:480270,'ARCHER WY US',200407,219,662
COOP:480270,'ARCHER WY US',200408,150,637
COOP:480270,'ARCHER WY US',200409,278,584
COOP:480270,'ARCHER WY US',200410,140,467
COOP:480270,'ARCHER WY US',200411,145,340
COOP:480270,'ARCHER WY US',200412,13,307
COOP:480270,'ARCHER WY US',200501,54,311
COOP:480270,'ARCHER WY US',200502,33,314
COOP:480270,'ARCHER WY US',200503,67,360
COOP:480270,'ARCHER WY US',200504,158,423
COOP:480270,'ARCHER WY US',200505,134,506
COOP:480270,'ARCHER WY US',200506,576,604
COOP:480270,'ARCHER WY US',200507,211,710
COOP:480270,'ARCHER WY US',200508,147,656
COOP:480270,'ARCHER WY US',200509,19,614
COOP:480200,'ALVA 5 ESE WY US',200103,108,292
COOP:480200,'ALVA 5 ESE WY US',200104,174,416
COOP:480200,'ALVA 5 ESE WY US',200105,133,506
COOP:480200,'ALVA 5 ESE WY US',200106,406,578
COOP:480200,'ALVA 5 ESE WY US',200107,220,680
COOP:480200,'ALVA 5 ESE WY US',200108,73,675
COOP:480200,'ALVA 5 ESE WY US',200109,30,576
COOP:480200,'ALVA 5 ESE WY US',200110,112,427
COOP:480200,'ALVA 5 ESE WY US',200111,52,361
COOP:483582,'FOSSIL BUTTE WY US',200001,124,207
COOP:483582,'FOSSIL BUTTE WY US',200002,52,254
COOP:483582,'FOSSIL BUTTE WY US',200003,53,299
COOP:483582,'FOSSIL BUTTE WY US',200010,163,411
COOP:483582,'FOSSIL BUTTE WY US',200011,72,192
COOP:483582,'FOSSIL BUTTE WY US',200012,64,170
COOP:483582,'FOSSIL BUTTE WY US',200101,18,130
COOP:483582,'FOSSIL BUTTE WY US',200102,127,170
COOP:483582,'FOSSIL BUTTE WY US',200109,96,557
COOP:483582,'FOSSIL BUTTE WY US',200110,85,420
COOP:483582,'FOSSIL BUTTE WY US',200111,103,312
COOP:483582,'FOSSIL BUTTE WY US',200112,50,133
COOP:483582,'FOSSIL BUTTE WY US',200201,37,150
COOP:483582,'FOSSIL BUTTE WY US',200202,3,114
COOP:483582,'FOSSIL BUTTE WY US',200203,22,237
COOP:483582,'FOSSIL BUTTE WY US',200204,100,400
COOP:483582,'FOSSIL BUTTE WY US',200205,59,468
COOP:483582,'FOSSIL BUTTE WY US',200206,15,563
COOP:483582,'FOSSIL BUTTE WY US',200207,162,663
COOP:483582,'FOSSIL BUTTE WY US',200208,11,606
COOP:483582,'FOSSIL BUTTE WY US',200209,80,538
COOP:483582,'FOSSIL BUTTE WY US',200210,108,372
COOP:483582,'FOSSIL BUTTE WY US',200211,99,253
COOP:483582,'FOSSIL BUTTE WY US',200212,55,231
COOP:483582,'FOSSIL BUTTE WY US',200301,12,266
COOP:483582,'FOSSIL BUTTE WY US',200302,58,203
COOP:483582,'FOSSIL BUTTE WY US',200303,125,324
COOP:483582,'FOSSIL BUTTE WY US',200304,21,396
COOP:483582,'FOSSIL BUTTE WY US',200305,86,483
COOP:483582,'FOSSIL BUTTE WY US',200306,113,554
COOP:483582,'FOSSIL BUTTE WY US',200307,90,672
COOP:483582,'FOSSIL BUTTE WY US',200308,162,649
COOP:483582,'FOSSIL BUTTE WY US',200309,44,524
COOP:483582,'FOSSIL BUTTE WY US',200310,14,452
COOP:483582,'FOSSIL BUTTE WY US',200311,67,229
COOP:483582,'FOSSIL BUTTE WY US',200312,82,224
COOP:483582,'FOSSIL BUTTE WY US',200401,37,114
COOP:483582,'FOSSIL BUTTE WY US',200402,38,169
COOP:483582,'FOSSIL BUTTE WY US',200403,14,331
COOP:483582,'FOSSIL BUTTE WY US',200404,127,407
COOP:483582,'FOSSIL BUTTE WY US',200405,152,468
COOP:483582,'FOSSIL BUTTE WY US',200406,97,559
COOP:483582,'FOSSIL BUTTE WY US',200407,54,626
COOP:483582,'FOSSIL BUTTE WY US',200408,50,600
COOP:483582,'FOSSIL BUTTE WY US',200409,26,510
COOP:483582,'FOSSIL BUTTE WY US',200410,222,424
COOP:483582,'FOSSIL BUTTE WY US',200411,61,280
COOP:483582,'FOSSIL BUTTE WY US',200412,55,210
COOP:483582,'FOSSIL BUTTE WY US',200501,170,190
COOP:483582,'FOSSIL BUTTE WY US',200502,76,128
COOP:483582,'FOSSIL BUTTE WY US',200503,54,268
COOP:483582,'FOSSIL BUTTE WY US',200504,340,387
COOP:483582,'FOSSIL BUTTE WY US',200505,209,478
COOP:483582,'FOSSIL BUTTE WY US',200506,193,515
COOP:483582,'FOSSIL BUTTE WY US',200507,2,634
COOP:483582,'FOSSIL BUTTE WY US',200508,83,608
COOP:483582,'FOSSIL BUTTE WY US',200509,49,509
COOP:483582,'FOSSIL BUTTE WY US',200510,76,422
COOP:483582,'FOSSIL BUTTE WY US',200511,82,300
COOP:483582,'FOSSIL BUTTE WY US',200512,152,157
COOP:483582,'FOSSIL BUTTE WY US',200601,111,184
COOP:483582,'FOSSIL BUTTE WY US',200602,41,161
COOP:483582,'FOSSIL BUTTE WY US',200603,78,253
COOP:483582,'FOSSIL BUTTE WY US',200604,76,415
COOP:483582,'FOSSIL BUTTE WY US',200605,76,484
COOP:483582,'FOSSIL BUTTE WY US',200606,55,580
COOP:483582,'FOSSIL BUTTE WY US',200607,38,670
COOP:483582,'FOSSIL BUTTE WY US',200608,155,614
COOP:483582,'FOSSIL BUTTE WY US',200609,182,494
COOP:483582,'FOSSIL BUTTE WY US',200610,141,400
COOP:483582,'FOSSIL BUTTE WY US',200611,83,273
COOP:483582,'FOSSIL BUTTE WY US',200612,70,191
COOP:483582,'FOSSIL BUTTE WY US',200701,18,130
COOP:483582,'FOSSIL BUTTE WY US',200702,59,239
COOP:483582,'FOSSIL BUTTE WY US',200703,138,326
COOP:483582,'FOSSIL BUTTE WY US',200704,29,400
COOP:483582,'FOSSIL BUTTE WY US',200705,36,483
COOP:483582,'FOSSIL BUTTE WY US',200706,19,579
COOP:483582,'FOSSIL BUTTE WY US',200707,49,684
COOP:483582,'FOSSIL BUTTE WY US',200708,202,643
COOP:483582,'FOSSIL BUTTE WY US',200709,96,532
COOP:483582,'FOSSIL BUTTE WY US',200710,86,430
COOP:483582,'FOSSIL BUTTE WY US',200711,14,296
COOP:483582,'FOSSIL BUTTE WY US',200712,84,163
COOP:483582,'FOSSIL BUTTE WY US',200801,86,87
COOP:483582,'FOSSIL BUTTE WY US',200802,88,168
COOP:483582,'FOSSIL BUTTE WY US',200803,75,222
COOP:483582,'FOSSIL BUTTE WY US',200804,15,312
COOP:483582,'FOSSIL BUTTE WY US',200805,131,452
COOP:483582,'FOSSIL BUTTE WY US',200806,72,527
COOP:483582,'FOSSIL BUTTE WY US',200807,10,633
COOP:483582,'FOSSIL BUTTE WY US',200808,13,618
COOP:483582,'FOSSIL BUTTE WY US',200809,121,510
COOP:483582,'FOSSIL BUTTE WY US',200810,61,410
COOP:483582,'FOSSIL BUTTE WY US',200811,42,334
COOP:483582,'FOSSIL BUTTE WY US',200812,80,188
COOP:483582,'FOSSIL BUTTE WY US',200901,110,208
COOP:483582,'FOSSIL BUTTE WY US',200902,74,199
COOP:483582,'FOSSIL BUTTE WY US',200903,88,274
COOP:483582,'FOSSIL BUTTE WY US',200904,114,381
COOP:483582,'FOSSIL BUTTE WY US',200905,134,482
COOP:483582,'FOSSIL BUTTE WY US',200906,436,533
COOP:483582,'FOSSIL BUTTE WY US',200907,81,620
COOP:483582,'FOSSIL BUTTE WY US',200908,117,599
COOP:483582,'FOSSIL BUTTE WY US',200909,150,563
COOP:483582,'FOSSIL BUTTE WY US',200910,163,375
COOP:483582,'FOSSIL BUTTE WY US',200911,22,290
COOP:483582,'FOSSIL BUTTE WY US',200912,60,152
COOP:483582,'FOSSIL BUTTE WY US',201001,29,194
COOP:483582,'FOSSIL BUTTE WY US',201002,54,197
COOP:483582,'FOSSIL BUTTE WY US',201003,46,316
COOP:483582,'FOSSIL BUTTE WY US',201004,98,372
COOP:483582,'FOSSIL BUTTE WY US',201005,208,423
COOP:483582,'FOSSIL BUTTE WY US',201006,163,544
COOP:483582,'FOSSIL BUTTE WY US',201007,71,631
COOP:483582,'FOSSIL BUTTE WY US',201008,99,620
COOP:483582,'FOSSIL BUTTE WY US',201009,22,534
COOP:483582,'FOSSIL BUTTE WY US',201010,155,435
COOP:483582,'FOSSIL BUTTE WY US',201011,128,270
COOP:483582,'FOSSIL BUTTE WY US',201012,192,210
COOP:483582,'FOSSIL BUTTE WY US',201101,67,162
COOP:483582,'FOSSIL BUTTE WY US',201102,102,148
COOP:483582,'FOSSIL BUTTE WY US',201103,114,260
COOP:483582,'FOSSIL BUTTE WY US',201104,124,344
COOP:483582,'FOSSIL BUTTE WY US',201105,261,427
COOP:483582,'FOSSIL BUTTE WY US',201106,87,531
COOP:483582,'FOSSIL BUTTE WY US',201107,81,623
COOP:483582,'FOSSIL BUTTE WY US',201108,168,628
COOP:483582,'FOSSIL BUTTE WY US',201109,56,532
COOP:483582,'FOSSIL BUTTE WY US',201110,150,425
COOP:483582,'FOSSIL BUTTE WY US',201111,115,250
COOP:483582,'FOSSIL BUTTE WY US',201112,42,153
COOP:483582,'FOSSIL BUTTE WY US',201201,100,217
COOP:483582,'FOSSIL BUTTE WY US',201202,42,201
COOP:483582,'FOSSIL BUTTE WY US',201203,52,355
COOP:483582,'FOSSIL BUTTE WY US',201204,71,425
COOP:483582,'FOSSIL BUTTE WY US',201205,106,472
COOP:483582,'FOSSIL BUTTE WY US',201206,0,577
COOP:483582,'FOSSIL BUTTE WY US',201207,42,666
COOP:483582,'FOSSIL BUTTE WY US',201208,10,651
COOP:483582,'FOSSIL BUTTE WY US',201209,76,540
COOP:483582,'FOSSIL BUTTE WY US',201210,162,411
COOP:483582,'FOSSIL BUTTE WY US',201211,81,337
COOP:483582,'FOSSIL BUTTE WY US',201212,169,176
COOP:483582,'FOSSIL BUTTE WY US',201301,19,122
COOP:483582,'FOSSIL BUTTE WY US',201302,66,176
COOP:483582,'FOSSIL BUTTE WY US',201303,39,300
COOP:483582,'FOSSIL BUTTE WY US',201304,64,360
COOP:483582,'FOSSIL BUTTE WY US',201306,6,579
COOP:483582,'FOSSIL BUTTE WY US',201307,49,666
COOP:483582,'FOSSIL BUTTE WY US',201308,71,636
COOP:483582,'FOSSIL BUTTE WY US',201309,277,558
COOP:483582,'FOSSIL BUTTE WY US',201311,43,308
COOP:483582,'FOSSIL BUTTE WY US',201312,108,147
COOP:483582,'FOSSIL BUTTE WY US',201401,39,198
COOP:483582,'FOSSIL BUTTE WY US',201402,135,228
COOP:483582,'FOSSIL BUTTE WY US',201403,71,327
COOP:483582,'FOSSIL BUTTE WY US',201404,57,381
COOP:483582,'FOSSIL BUTTE WY US',201405,104,483
COOP:483582,'FOSSIL BUTTE WY US',201406,169,543
COOP:483582,'FOSSIL BUTTE WY US',201407,123,650
COOP:485770,'LOVELL WY US',200001,33,195
COOP:485770,'LOVELL WY US',200002,25,288
COOP:485770,'LOVELL WY US',200003,24,389
COOP:485770,'LOVELL WY US',200004,60,455
COOP:485770,'LOVELL WY US',200005,129,556
COOP:485770,'LOVELL WY US',200006,33,623
COOP:485770,'LOVELL WY US',200007,41,729
COOP:485770,'LOVELL WY US',200008,8,705
COOP:485770,'LOVELL WY US',200009,32,562
COOP:485770,'LOVELL WY US',200010,57,454
COOP:485770,'LOVELL WY US',200011,11,192
COOP:485770,'LOVELL WY US',200012,41,185
COOP:485770,'LOVELL WY US',200101,4,179
COOP:485770,'LOVELL WY US',200102,16,171
COOP:485770,'LOVELL WY US',200103,6,365
COOP:485770,'LOVELL WY US',200104,68,456
COOP:485770,'LOVELL WY US',200105,24,579
COOP:485770,'LOVELL WY US',200106,231,643
COOP:485770,'LOVELL WY US',200107,0,740
COOP:485770,'LOVELL WY US',200108,6,714
COOP:485770,'LOVELL WY US',200109,118,610
COOP:485770,'LOVELL WY US',200110,41,453
COOP:485770,'LOVELL WY US',200111,28,362
COOP:485770,'LOVELL WY US',200112,32,211
COOP:485770,'LOVELL WY US',200201,18,205
COOP:485770,'LOVELL WY US',200202,5,242
COOP:485770,'LOVELL WY US',200203,31,258
COOP:485770,'LOVELL WY US',200204,133,426
COOP:485770,'LOVELL WY US',200205,57,518
COOP:485770,'LOVELL WY US',200206,72,654
COOP:485770,'LOVELL WY US',200207,25,743
COOP:485770,'LOVELL WY US',200208,1,652
COOP:485770,'LOVELL WY US',200209,29,579
COOP:485770,'LOVELL WY US',200210,44,399
COOP:485770,'LOVELL WY US',200211,66,309
COOP:485770,'LOVELL WY US',200212,5,187
COOP:485770,'LOVELL WY US',200301,29,261
COOP:485770,'LOVELL WY US',200302,35,220
COOP:485770,'LOVELL WY US',200303,42,322
COOP:485770,'LOVELL WY US',200304,44,482
COOP:485770,'LOVELL WY US',200305,65,541
COOP:485770,'LOVELL WY US',200306,81,621
COOP:485770,'LOVELL WY US',200307,6,750
COOP:485770,'LOVELL WY US',200308,6,733
COOP:485770,'LOVELL WY US',200309,6,561
COOP:485770,'LOVELL WY US',200310,34,497
COOP:485770,'LOVELL WY US',200311,7,272
COOP:485770,'LOVELL WY US',200312,25,267
COOP:485770,'LOVELL WY US',200401,9,127
COOP:485770,'LOVELL WY US',200402,11,282
COOP:485770,'LOVELL WY US',200403,2,409
COOP:485770,'LOVELL WY US',200404,26,480
COOP:485770,'LOVELL WY US',200405,26,533
COOP:485770,'LOVELL WY US',200406,54,607
COOP:485770,'LOVELL WY US',200407,174,693
COOP:485770,'LOVELL WY US',200408,16,649
COOP:485770,'LOVELL WY US',200409,65,573
COOP:485770,'LOVELL WY US',200410,51,467
COOP:485770,'LOVELL WY US',200411,0,345
COOP:485770,'LOVELL WY US',200412,16,266
COOP:485770,'LOVELL WY US',200501,14,183
COOP:485770,'LOVELL WY US',200502,17,279
COOP:485770,'LOVELL WY US',200503,43,374
COOP:485770,'LOVELL WY US',200504,273,449
COOP:485770,'LOVELL WY US',200505,233,521
COOP:485770,'LOVELL WY US',200506,75,626
COOP:485770,'LOVELL WY US',200507,14,723
COOP:485770,'LOVELL WY US',200508,46,664
COOP:485770,'LOVELL WY US',200509,51,576
COOP:485770,'LOVELL WY US',200510,62,471
COOP:485770,'LOVELL WY US',200511,23,342
COOP:485770,'LOVELL WY US',200512,7,188
COOP:485770,'LOVELL WY US',200601,1,315
COOP:485770,'LOVELL WY US',200602,1,249
COOP:485770,'LOVELL WY US',200603,57,356
COOP:485770,'LOVELL WY US',200604,18,484
COOP:485770,'LOVELL WY US',200605,92,568
COOP:485770,'LOVELL WY US',200606,25,666
COOP:485770,'LOVELL WY US',200607,11,748
COOP:485770,'LOVELL WY US',200608,2,679
COOP:485770,'LOVELL WY US',200609,42,558
COOP:485770,'LOVELL WY US',200610,113,435
COOP:485770,'LOVELL WY US',200611,3,346
COOP:485770,'LOVELL WY US',200612,16,231
COOP:485770,'LOVELL WY US',200701,8,176
COOP:485770,'LOVELL WY US',200702,44,243
COOP:485770,'LOVELL WY US',200703,66,411
COOP:485770,'LOVELL WY US',200704,100,444
COOP:485770,'LOVELL WY US',200705,139,565
COOP:485770,'LOVELL WY US',200707,38,760
COOP:485770,'LOVELL WY US',200708,21,694
COOP:485770,'LOVELL WY US',200709,14,589
COOP:485770,'LOVELL WY US',200710,197,464
COOP:485770,'LOVELL WY US',200711,17,351
COOP:485770,'LOVELL WY US',200712,16,194
COOP:485770,'LOVELL WY US',200801,52,161
COOP:485770,'LOVELL WY US',200802,0,268
COOP:485770,'LOVELL WY US',200803,18,341
COOP:485770,'LOVELL WY US',200804,15,403
COOP:485770,'LOVELL WY US',200805,258,520
COOP:485770,'LOVELL WY US',200806,9,612
COOP:485770,'LOVELL WY US',200807,6,707
COOP:485770,'LOVELL WY US',200808,0,687
COOP:485770,'LOVELL WY US',200809,159,546
COOP:485770,'LOVELL WY US',200810,46,447
COOP:485770,'LOVELL WY US',200811,35,382
COOP:485770,'LOVELL WY US',200812,39,158
COOP:485770,'LOVELL WY US',200901,29,206
COOP:485770,'LOVELL WY US',200902,10,282
COOP:485770,'LOVELL WY US',200903,2,322
COOP:485770,'LOVELL WY US',200904,20,421
COOP:485770,'LOVELL WY US',200905,16,538
COOP:485770,'LOVELL WY US',200906,229,599
COOP:485770,'LOVELL WY US',200907,45,682
COOP:485770,'LOVELL WY US',200908,26,650
COOP:485770,'LOVELL WY US',200909,8,619
COOP:485770,'LOVELL WY US',200910,44,379
COOP:485770,'LOVELL WY US',200911,0,346
COOP:485770,'LOVELL WY US',201001,31,191
COOP:485770,'LOVELL WY US',201002,0,230
COOP:485770,'LOVELL WY US',201003,8,385
COOP:485770,'LOVELL WY US',201004,50,444
COOP:485770,'LOVELL WY US',201005,137,496
COOP:485770,'LOVELL WY US',201006,129,623
COOP:485770,'LOVELL WY US',201007,59,700
COOP:485770,'LOVELL WY US',201008,68,673
COOP:485770,'LOVELL WY US',201009,10,580
COOP:485770,'LOVELL WY US',201010,9,508
COOP:485770,'LOVELL WY US',201011,30,288
COOP:485770,'LOVELL WY US',201012,14,189
COOP:485770,'LOVELL WY US',201101,12,164
COOP:485770,'LOVELL WY US',201102,72,134
COOP:485770,'LOVELL WY US',201103,28,335
COOP:485770,'LOVELL WY US',201105,243,499
COOP:485770,'LOVELL WY US',201106,156,613
COOP:485770,'LOVELL WY US',201107,3,727
COOP:485770,'LOVELL WY US',201108,26,698
COOP:485770,'LOVELL WY US',201109,5,601
COOP:485770,'LOVELL WY US',201110,237,488
COOP:485770,'LOVELL WY US',201111,30,303
COOP:485770,'LOVELL WY US',201112,11,193
COOP:485770,'LOVELL WY US',201201,8,260
COOP:485770,'LOVELL WY US',201202,38,272
COOP:485770,'LOVELL WY US',201203,12,430
COOP:485770,'LOVELL WY US',201204,49,483
COOP:485770,'LOVELL WY US',201205,59,531
COOP:485770,'LOVELL WY US',201207,8,743
COOP:485770,'LOVELL WY US',201208,4,687
COOP:485770,'LOVELL WY US',201209,0,612
COOP:485770,'LOVELL WY US',201210,70,446
COOP:485770,'LOVELL WY US',201211,23,347
COOP:485770,'LOVELL WY US',201212,13,230
COOP:485770,'LOVELL WY US',201302,0,194
COOP:485770,'LOVELL WY US',201303,5,348
COOP:485770,'LOVELL WY US',201304,28,401
COOP:485770,'LOVELL WY US',201305,102,562
COOP:485770,'LOVELL WY US',201306,20,651
COOP:485770,'LOVELL WY US',201307,83,722
COOP:485770,'LOVELL WY US',201308,4,711
COOP:485770,'LOVELL WY US',201309,195,618
COOP:485770,'LOVELL WY US',201310,70,411
COOP:485770,'LOVELL WY US',201311,0,316
COOP:485770,'LOVELL WY US',201312,27,162
COOP:485770,'LOVELL WY US',201401,10,205
COOP:485770,'LOVELL WY US',201402,130,140
COOP:485770,'LOVELL WY US',201403,11,328
COOP:485770,'LOVELL WY US',201404,36,446
COOP:485770,'LOVELL WY US',201405,62,555
COOP:485770,'LOVELL WY US',201406,137,620
COOP:485770,'LOVELL WY US',201407,14,708
COOP:487995,'SARATOGA 4 N WY US',201012,129,247
COOP:487995,'SARATOGA 4 N WY US',201203,1,387
COOP:487995,'SARATOGA 4 N WY US',201204,41,444
COOP:487995,'SARATOGA 4 N WY US',201206,1,631
COOP:487995,'SARATOGA 4 N WY US',201207,107,685
COOP:487995,'SARATOGA 4 N WY US',201208,84,639
COOP:487995,'SARATOGA 4 N WY US',201210,48,408
COOP:487995,'SARATOGA 4 N WY US',201211,17,354
COOP:487995,'SARATOGA 4 N WY US',201212,54,219
COOP:487995,'SARATOGA 4 N WY US',201301,46,145
COOP:487995,'SARATOGA 4 N WY US',201302,54,193
COOP:487995,'SARATOGA 4 N WY US',201303,13,307
COOP:487995,'SARATOGA 4 N WY US',201304,154,341
COOP:487995,'SARATOGA 4 N WY US',201305,56,497
COOP:487995,'SARATOGA 4 N WY US',201306,0,602
COOP:487995,'SARATOGA 4 N WY US',201307,73,665
COOP:487995,'SARATOGA 4 N WY US',201308,32,648
COOP:487995,'SARATOGA 4 N WY US',201309,195,578
COOP:487995,'SARATOGA 4 N WY US',201310,132,382
COOP:487995,'SARATOGA 4 N WY US',201311,38,285
COOP:487995,'SARATOGA 4 N WY US',201312,54,180
COOP:487995,'SARATOGA 4 N WY US',201401,31,206
COOP:487995,'SARATOGA 4 N WY US',201402,42,242
COOP:487995,'SARATOGA 4 N WY US',201403,92,333
COOP:487995,'SARATOGA 4 N WY US',201404,65,381
COOP:487995,'SARATOGA 4 N WY US',201405,151,481
COOP:487995,'SARATOGA 4 N WY US',201406,39,561
COOP:487995,'SARATOGA 4 N WY US',201407,260,649
COOP:487990,'SARATOGA WY US',200001,21,273
COOP:487990,'SARATOGA WY US',200002,30,316
COOP:487990,'SARATOGA WY US',200003,61,349
COOP:487990,'SARATOGA WY US',200004,81,452
COOP:487990,'SARATOGA WY US',200005,193,553
COOP:487990,'SARATOGA WY US',200006,24,606
COOP:487990,'SARATOGA WY US',200007,55,680
COOP:487990,'SARATOGA WY US',200009,232,551
COOP:487990,'SARATOGA WY US',200010,33,441
COOP:487990,'SARATOGA WY US',200011,55,192
COOP:487990,'SARATOGA WY US',200012,14,215
COOP:487990,'SARATOGA WY US',200101,48,160
COOP:487990,'SARATOGA WY US',200102,91,231
COOP:487990,'SARATOGA WY US',200103,18,335
COOP:487990,'SARATOGA WY US',200104,95,439
COOP:487990,'SARATOGA WY US',200105,55,525
COOP:487990,'SARATOGA WY US',200106,10,624
COOP:487990,'SARATOGA WY US',200107,87,698
COOP:487990,'SARATOGA WY US',200108,86,667
COOP:487990,'SARATOGA WY US',200109,6,578
COOP:487990,'SARATOGA WY US',200111,44,355
COOP:487990,'SARATOGA WY US',200112,12,228
COOP:487990,'SARATOGA WY US',200201,0,220
COOP:487990,'SARATOGA WY US',200202,0,233
COOP:487990,'SARATOGA WY US',200203,107,272
COOP:487990,'SARATOGA WY US',200204,15,450
COOP:487990,'SARATOGA WY US',200205,8,513
COOP:487990,'SARATOGA WY US',200206,30,639
COOP:487990,'SARATOGA WY US',200207,28,690
COOP:487990,'SARATOGA WY US',200208,101,637
COOP:487990,'SARATOGA WY US',200210,223,392
COOP:487990,'SARATOGA WY US',200211,0,301
COOP:487990,'SARATOGA WY US',200212,2,269
COOP:487990,'SARATOGA WY US',200301,47,314
COOP:487990,'SARATOGA WY US',200302,43,242
COOP:487990,'SARATOGA WY US',200303,75,357
COOP:487990,'SARATOGA WY US',200304,176,445
COOP:487990,'SARATOGA WY US',200305,146,513
COOP:487990,'SARATOGA WY US',200306,104,582
COOP:487990,'SARATOGA WY US',200307,65,700
COOP:487990,'SARATOGA WY US',200308,110,675
COOP:487990,'SARATOGA WY US',200309,91,544
COOP:487990,'SARATOGA WY US',200310,20,486
COOP:487990,'SARATOGA WY US',200311,101,272
COOP:487990,'SARATOGA WY US',200312,61,273
COOP:487990,'SARATOGA WY US',200401,15,247
COOP:487990,'SARATOGA WY US',200402,188,244
COOP:487990,'SARATOGA WY US',200403,35,385
COOP:487990,'SARATOGA WY US',200404,143,439
COOP:487990,'SARATOGA WY US',200405,81,526
COOP:487990,'SARATOGA WY US',200406,172,585
COOP:487990,'SARATOGA WY US',200407,86,653
COOP:487990,'SARATOGA WY US',200408,172,612
COOP:487990,'SARATOGA WY US',200409,117,556
COOP:487990,'SARATOGA WY US',200410,115,465
COOP:487990,'SARATOGA WY US',200411,51,312
COOP:487990,'SARATOGA WY US',200412,33,266
COOP:487990,'SARATOGA WY US',200501,65,285
COOP:487990,'SARATOGA WY US',200502,49,262
COOP:487990,'SARATOGA WY US',200503,51,342
COOP:487990,'SARATOGA WY US',200504,122,421
COOP:487990,'SARATOGA WY US',200505,179,513
COOP:487990,'SARATOGA WY US',200506,83,592
COOP:487990,'SARATOGA WY US',200507,5,686
COOP:487990,'SARATOGA WY US',200508,99,634
COOP:487990,'SARATOGA WY US',200509,50,563
COOP:487990,'SARATOGA WY US',200510,149,465
COOP:487990,'SARATOGA WY US',200511,117,340
COOP:487990,'SARATOGA WY US',200512,44,229
COOP:487990,'SARATOGA WY US',200601,4,279
COOP:487990,'SARATOGA WY US',200602,4,228
COOP:487990,'SARATOGA WY US',200603,126,312
COOP:487990,'SARATOGA WY US',200604,63,462
COOP:487990,'SARATOGA WY US',200606,55,637
COOP:487990,'SARATOGA WY US',200607,110,694
COOP:487990,'SARATOGA WY US',200608,145,649
COOP:487990,'SARATOGA WY US',200609,198,524
COOP:487990,'SARATOGA WY US',200610,285,415
COOP:487990,'SARATOGA WY US',200611,15,336
COOP:487990,'SARATOGA WY US',200612,64,205
COOP:487990,'SARATOGA WY US',200701,120,123
COOP:487990,'SARATOGA WY US',200702,12,285
COOP:487990,'SARATOGA WY US',200703,66,382
COOP:487990,'SARATOGA WY US',200704,60,435
COOP:487990,'SARATOGA WY US',200705,85,530
COOP:487990,'SARATOGA WY US',200706,11,620
COOP:487990,'SARATOGA WY US',200707,42,699
COOP:487990,'SARATOGA WY US',200708,82,674
COOP:487990,'SARATOGA WY US',200709,174,575
COOP:487990,'SARATOGA WY US',200711,2,350
COOP:487955,'SAGE 4 NNW WY US',200001,96,200
COOP:487955,'SAGE 4 NNW WY US',200002,47,248
COOP:487955,'SAGE 4 NNW WY US',200003,13,324
COOP:487955,'SAGE 4 NNW WY US',200004,66,426
COOP:487955,'SAGE 4 NNW WY US',200005,203,503
COOP:487955,'SAGE 4 NNW WY US',200006,0,575
COOP:487955,'SAGE 4 NNW WY US',200007,25,649
COOP:487955,'SAGE 4 NNW WY US',200008,174,645
COOP:487955,'SAGE 4 NNW WY US',200009,60,509
COOP:487955,'SAGE 4 NNW WY US',200010,70,419
COOP:487955,'SAGE 4 NNW WY US',200011,34,181
COOP:487955,'SAGE 4 NNW WY US',200101,0,56
COOP:487955,'SAGE 4 NNW WY US',200102,38,149
COOP:487955,'SAGE 4 NNW WY US',200103,28,302
COOP:487955,'SAGE 4 NNW WY US',200104,122,408
COOP:487955,'SAGE 4 NNW WY US',200105,0,506
COOP:487955,'SAGE 4 NNW WY US',200106,51,566
COOP:487955,'SAGE 4 NNW WY US',200107,46,639
COOP:482466,'DEVILS TOWER 2 WY US',200001,51,214
COOP:482466,'DEVILS TOWER 2 WY US',200002,96,291
COOP:482466,'DEVILS TOWER 2 WY US',200003,74,378
COOP:482466,'DEVILS TOWER 2 WY US',200004,150,418
COOP:482466,'DEVILS TOWER 2 WY US',200005,186,534
COOP:482466,'DEVILS TOWER 2 WY US',200006,330,613
COOP:482466,'DEVILS TOWER 2 WY US',200007,64,725
COOP:482466,'DEVILS TOWER 2 WY US',200008,75,721
COOP:482466,'DEVILS TOWER 2 WY US',200009,104,574
COOP:482466,'DEVILS TOWER 2 WY US',200010,131,463
COOP:482466,'DEVILS TOWER 2 WY US',200011,315,186
COOP:482466,'DEVILS TOWER 2 WY US',200012,38,133
COOP:482466,'DEVILS TOWER 2 WY US',200101,36,221
COOP:482466,'DEVILS TOWER 2 WY US',200102,67,162
COOP:482466,'DEVILS TOWER 2 WY US',200103,82,316
COOP:482466,'DEVILS TOWER 2 WY US',200104,193,447
COOP:482466,'DEVILS TOWER 2 WY US',200108,0,713
COOP:482466,'DEVILS TOWER 2 WY US',200111,10,337
COOP:482466,'DEVILS TOWER 2 WY US',200112,2,236
COOP:482466,'DEVILS TOWER 2 WY US',200201,130,222
COOP:482466,'DEVILS TOWER 2 WY US',200202,68,252
COOP:482466,'DEVILS TOWER 2 WY US',200203,67,260
COOP:482466,'DEVILS TOWER 2 WY US',200204,37,426
COOP:482466,'DEVILS TOWER 2 WY US',200205,307,518
COOP:482466,'DEVILS TOWER 2 WY US',200206,117,663
COOP:482466,'DEVILS TOWER 2 WY US',200207,97,757
COOP:482466,'DEVILS TOWER 2 WY US',200209,174,595
COOP:482466,'DEVILS TOWER 2 WY US',200210,118,393
COOP:482466,'DEVILS TOWER 2 WY US',200211,41,331
COOP:482466,'DEVILS TOWER 2 WY US',200212,20,274
COOP:482466,'DEVILS TOWER 2 WY US',200301,79,248
COOP:482466,'DEVILS TOWER 2 WY US',200302,168,194
COOP:482466,'DEVILS TOWER 2 WY US',200303,137,309
COOP:482466,'DEVILS TOWER 2 WY US',200304,131,484
COOP:482466,'DEVILS TOWER 2 WY US',200305,257,519
COOP:482466,'DEVILS TOWER 2 WY US',200306,323,590
COOP:482466,'DEVILS TOWER 2 WY US',200307,47,727
COOP:482466,'DEVILS TOWER 2 WY US',200308,186,747
COOP:482466,'DEVILS TOWER 2 WY US',200309,261,553
COOP:482466,'DEVILS TOWER 2 WY US',200310,60,490
COOP:482466,'DEVILS TOWER 2 WY US',200311,47,262
COOP:482466,'DEVILS TOWER 2 WY US',200312,51,259
COOP:482466,'DEVILS TOWER 2 WY US',200401,55,195
COOP:482466,'DEVILS TOWER 2 WY US',200402,48,257
COOP:482466,'DEVILS TOWER 2 WY US',200403,70,379
COOP:482466,'DEVILS TOWER 2 WY US',200404,117,459
COOP:482466,'DEVILS TOWER 2 WY US',200405,162,524
COOP:482466,'DEVILS TOWER 2 WY US',200406,30,588
COOP:482466,'DEVILS TOWER 2 WY US',200407,389,689
COOP:482466,'DEVILS TOWER 2 WY US',200408,196,632
COOP:482466,'DEVILS TOWER 2 WY US',200409,115,599
COOP:482466,'DEVILS TOWER 2 WY US',200410,197,467
COOP:482466,'DEVILS TOWER 2 WY US',200411,57,355
COOP:482466,'DEVILS TOWER 2 WY US',200412,17,278
COOP:482466,'DEVILS TOWER 2 WY US',200501,43,211
COOP:482466,'DEVILS TOWER 2 WY US',200502,43,291
COOP:482466,'DEVILS TOWER 2 WY US',200504,145,441
COOP:482466,'DEVILS TOWER 2 WY US',200505,431,501
COOP:482466,'DEVILS TOWER 2 WY US',200506,308,632
COOP:482466,'DEVILS TOWER 2 WY US',200507,154,720
COOP:482466,'DEVILS TOWER 2 WY US',200508,162,671
COOP:482466,'DEVILS TOWER 2 WY US',200509,58,606
COOP:482466,'DEVILS TOWER 2 WY US',200510,224,474
COOP:482466,'DEVILS TOWER 2 WY US',200511,72,369
COOP:482466,'DEVILS TOWER 2 WY US',200512,104,189
COOP:482466,'DEVILS TOWER 2 WY US',200601,19,331
COOP:482466,'DEVILS TOWER 2 WY US',200602,48,255
COOP:482466,'DEVILS TOWER 2 WY US',200603,71,378
COOP:482466,'DEVILS TOWER 2 WY US',200605,400,542
COOP:482466,'DEVILS TOWER 2 WY US',200606,88,640
COOP:482466,'DEVILS TOWER 2 WY US',200607,78,747
COOP:482466,'DEVILS TOWER 2 WY US',200608,276,691
COOP:482466,'DEVILS TOWER 2 WY US',200609,454,542
COOP:482466,'DEVILS TOWER 2 WY US',200610,124,423
COOP:482466,'DEVILS TOWER 2 WY US',200611,116,325
COOP:482466,'DEVILS TOWER 2 WY US',200612,6,263
COOP:482466,'DEVILS TOWER 2 WY US',200701,52,203
COOP:482466,'DEVILS TOWER 2 WY US',200702,115,205
COOP:482466,'DEVILS TOWER 2 WY US',200703,239,402
COOP:482466,'DEVILS TOWER 2 WY US',200704,67,415
COOP:482466,'DEVILS TOWER 2 WY US',200705,489,562
COOP:482466,'DEVILS TOWER 2 WY US',200706,292,635
COOP:482466,'DEVILS TOWER 2 WY US',200707,136,741
COOP:482466,'DEVILS TOWER 2 WY US',200708,346,704
COOP:482466,'DEVILS TOWER 2 WY US',200709,38,594
COOP:482466,'DEVILS TOWER 2 WY US',200710,115,467
COOP:482466,'DEVILS TOWER 2 WY US',200711,38,332
COOP:482466,'DEVILS TOWER 2 WY US',200712,80,180
COOP:482466,'DEVILS TOWER 2 WY US',200801,136,160
COOP:482466,'DEVILS TOWER 2 WY US',200802,111,204
COOP:482466,'DEVILS TOWER 2 WY US',200803,86,320
COOP:482466,'DEVILS TOWER 2 WY US',200804,140,402
COOP:482466,'DEVILS TOWER 2 WY US',200805,733,490
COOP:482466,'DEVILS TOWER 2 WY US',200806,594,594
COOP:482466,'DEVILS TOWER 2 WY US',200807,334,691
COOP:482466,'DEVILS TOWER 2 WY US',200808,185,677
COOP:482466,'DEVILS TOWER 2 WY US',200809,90,539
COOP:482466,'DEVILS TOWER 2 WY US',200810,79,436
COOP:482466,'DEVILS TOWER 2 WY US',200811,75,363
COOP:482466,'DEVILS TOWER 2 WY US',200901,111,211
COOP:482466,'DEVILS TOWER 2 WY US',200902,115,276
COOP:482466,'DEVILS TOWER 2 WY US',200903,317,292
COOP:482466,'DEVILS TOWER 2 WY US',200904,256,395
COOP:482466,'DEVILS TOWER 2 WY US',200905,105,519
COOP:482466,'DEVILS TOWER 2 WY US',200906,318,587
COOP:482466,'DEVILS TOWER 2 WY US',200907,106,663
COOP:482466,'DEVILS TOWER 2 WY US',200908,276,644
COOP:482466,'DEVILS TOWER 2 WY US',200909,73,604
COOP:482466,'DEVILS TOWER 2 WY US',200910,226,362
COOP:482466,'DEVILS TOWER 2 WY US',200911,13,368
COOP:482466,'DEVILS TOWER 2 WY US',200912,146,128
COOP:482466,'DEVILS TOWER 2 WY US',201001,128,182
COOP:482466,'DEVILS TOWER 2 WY US',201002,54,170
COOP:482466,'DEVILS TOWER 2 WY US',201003,69,360
COOP:482466,'DEVILS TOWER 2 WY US',201004,346,436
COOP:482466,'DEVILS TOWER 2 WY US',201005,329,488
COOP:482466,'DEVILS TOWER 2 WY US',201006,436,604
COOP:482466,'DEVILS TOWER 2 WY US',201007,176,677
COOP:482466,'DEVILS TOWER 2 WY US',201008,176,688
COOP:482466,'DEVILS TOWER 2 WY US',201009,73,568
COOP:482466,'DEVILS TOWER 2 WY US',201010,104,511
COOP:482466,'DEVILS TOWER 2 WY US',201011,146,273
COOP:482466,'DEVILS TOWER 2 WY US',201012,113,202
COOP:482466,'DEVILS TOWER 2 WY US',201101,178,181
COOP:482466,'DEVILS TOWER 2 WY US',201102,129,140
COOP:482466,'DEVILS TOWER 2 WY US',201103,113,321
COOP:482466,'DEVILS TOWER 2 WY US',201104,199,404
COOP:482466,'DEVILS TOWER 2 WY US',201105,534,487
COOP:482466,'DEVILS TOWER 2 WY US',201106,359,606
COOP:482466,'DEVILS TOWER 2 WY US',201107,227,711
COOP:482466,'DEVILS TOWER 2 WY US',201109,57,588
COOP:482466,'DEVILS TOWER 2 WY US',201110,112,480
COOP:482466,'DEVILS TOWER 2 WY US',201111,155,304
COOP:482466,'DEVILS TOWER 2 WY US',201112,71,248
COOP:482466,'DEVILS TOWER 2 WY US',201201,74,241
COOP:482466,'DEVILS TOWER 2 WY US',201203,18,436
COOP:482466,'DEVILS TOWER 2 WY US',201204,246,480
COOP:482466,'DEVILS TOWER 2 WY US',201205,96,507
COOP:482466,'DEVILS TOWER 2 WY US',201207,152,747
COOP:482466,'DEVILS TOWER 2 WY US',201208,142,694
COOP:482466,'DEVILS TOWER 2 WY US',201209,0,595
COOP:482466,'DEVILS TOWER 2 WY US',201210,60,433
COOP:482466,'DEVILS TOWER 2 WY US',201211,25,359
COOP:482466,'DEVILS TOWER 2 WY US',201212,52,220
COOP:482466,'DEVILS TOWER 2 WY US',201301,68,205
COOP:482466,'DEVILS TOWER 2 WY US',201302,83,242
COOP:482466,'DEVILS TOWER 2 WY US',201303,55,308
COOP:482466,'DEVILS TOWER 2 WY US',201304,279,367
COOP:482466,'DEVILS TOWER 2 WY US',201305,598,531
COOP:482466,'DEVILS TOWER 2 WY US',201306,479,614
COOP:482466,'DEVILS TOWER 2 WY US',201307,277,683
COOP:482466,'DEVILS TOWER 2 WY US',201308,393,689
COOP:482466,'DEVILS TOWER 2 WY US',201309,260,607
COOP:482466,'DEVILS TOWER 2 WY US',201310,434,400
COOP:482466,'DEVILS TOWER 2 WY US',201311,35,319
COOP:482466,'DEVILS TOWER 2 WY US',201401,80,221
COOP:482466,'DEVILS TOWER 2 WY US',201402,74,153
COOP:482466,'DEVILS TOWER 2 WY US',201403,109,306
COOP:482466,'DEVILS TOWER 2 WY US',201404,188,401
COOP:482466,'DEVILS TOWER 2 WY US',201405,177,513
COOP:482466,'DEVILS TOWER 2 WY US',201406,469,575
COOP:482466,'DEVILS TOWER 2 WY US',201407,144,652
COOP:482415,'DEAVER WY US',200001,10,195
COOP:482415,'DEAVER WY US',200002,2,286
COOP:482415,'DEAVER WY US',200003,99,406
COOP:482415,'DEAVER WY US',200004,4,468
COOP:482415,'DEAVER WY US',200005,173,560
COOP:482415,'DEAVER WY US',200006,34,630
COOP:482415,'DEAVER WY US',200007,77,734
COOP:482415,'DEAVER WY US',200008,54,708
COOP:482415,'DEAVER WY US',200009,11,572
COOP:482415,'DEAVER WY US',200010,85,453
COOP:482415,'DEAVER WY US',200011,15,192
COOP:482415,'DEAVER WY US',200012,16,178
COOP:482415,'DEAVER WY US',200101,0,182
COOP:482415,'DEAVER WY US',200102,4,164
COOP:482415,'DEAVER WY US',200103,0,363
COOP:482415,'DEAVER WY US',200105,19,578
COOP:482415,'DEAVER WY US',200106,130,642
COOP:482415,'DEAVER WY US',200107,0,743
COOP:482415,'DEAVER WY US',200108,0,729
COOP:482415,'DEAVER WY US',200109,149,621
COOP:482415,'DEAVER WY US',200110,39,437
COOP:482415,'DEAVER WY US',200111,2,350
COOP:482415,'DEAVER WY US',200112,3,207
COOP:482415,'DEAVER WY US',200201,8,192
COOP:482415,'DEAVER WY US',200202,0,224
COOP:482415,'DEAVER WY US',200203,12,247
COOP:482415,'DEAVER WY US',200205,40,520
COOP:482415,'DEAVER WY US',200206,49,659
COOP:482415,'DEAVER WY US',200207,24,758
COOP:482415,'DEAVER WY US',200208,10,671
COOP:482415,'DEAVER WY US',200209,33,590
COOP:482415,'DEAVER WY US',200210,7,396
COOP:482415,'DEAVER WY US',200305,83,530
COOP:482415,'DEAVER WY US',200306,44,628
COOP:482415,'DEAVER WY US',200307,48,762
COOP:482415,'DEAVER WY US',200311,0,292
COOP:482415,'DEAVER WY US',200312,7,256
COOP:482415,'DEAVER WY US',200402,6,277
COOP:482415,'DEAVER WY US',200406,64,495
COOP:482415,'DEAVER WY US',200509,91,562
COOP:482415,'DEAVER WY US',200602,0,247
COOP:482415,'DEAVER WY US',200603,71,341
COOP:482415,'DEAVER WY US',200604,12,481
COOP:482415,'DEAVER WY US',200605,80,566
COOP:482415,'DEAVER WY US',200606,44,678
COOP:482415,'DEAVER WY US',200607,20,761
COOP:482415,'DEAVER WY US',200608,5,707
COOP:482415,'DEAVER WY US',200609,113,574
COOP:482415,'DEAVER WY US',200610,100,426
COOP:482415,'DEAVER WY US',200611,5,336
COOP:482415,'DEAVER WY US',200612,8,218
COOP:482415,'DEAVER WY US',200701,2,152
COOP:482415,'DEAVER WY US',200702,10,232
COOP:482415,'DEAVER WY US',200703,13,407
COOP:482415,'DEAVER WY US',200704,97,432
COOP:482415,'DEAVER WY US',200705,99,569
COOP:482415,'DEAVER WY US',200706,134,657
COOP:482415,'DEAVER WY US',200707,36,777
COOP:482415,'DEAVER WY US',200708,18,716
COOP:482415,'DEAVER WY US',200709,21,590
COOP:482415,'DEAVER WY US',200710,188,475
COOP:482415,'DEAVER WY US',200711,1,339
COOP:482415,'DEAVER WY US',200712,6,164
COOP:482415,'DEAVER WY US',200801,15,129
COOP:482415,'DEAVER WY US',200802,0,255
COOP:482415,'DEAVER WY US',200803,3,342
COOP:482415,'DEAVER WY US',200804,7,385
COOP:482415,'DEAVER WY US',200805,204,526
COOP:482415,'DEAVER WY US',200806,36,616
COOP:482415,'DEAVER WY US',200807,35,718
COOP:482415,'DEAVER WY US',200808,47,710
COOP:482415,'DEAVER WY US',200809,129,553
COOP:482415,'DEAVER WY US',200810,148,439
COOP:482415,'DEAVER WY US',200811,42,386
COOP:482415,'DEAVER WY US',200812,14,151
COOP:482415,'DEAVER WY US',200901,14,179
COOP:482415,'DEAVER WY US',200902,14,268
COOP:482415,'DEAVER WY US',200903,2,317
COOP:482415,'DEAVER WY US',200904,28,426
COOP:482415,'DEAVER WY US',200905,26,542
COOP:482415,'DEAVER WY US',200906,295,606
COOP:482415,'DEAVER WY US',200907,108,691
COOP:482415,'DEAVER WY US',200908,12,681
COOP:482415,'DEAVER WY US',200909,0,623
COOP:482415,'DEAVER WY US',200910,47,382
COOP:482415,'DEAVER WY US',200911,0,320
COOP:482415,'DEAVER WY US',200912,11,104
COOP:482415,'DEAVER WY US',201001,15,175
COOP:482415,'DEAVER WY US',201002,0,231
COOP:482415,'DEAVER WY US',201003,2,382
COOP:482415,'DEAVER WY US',201004,33,455
COOP:482415,'DEAVER WY US',201005,112,507
COOP:482415,'DEAVER WY US',201006,112,636
COOP:482415,'DEAVER WY US',201007,2,710
COOP:482415,'DEAVER WY US',201008,105,698
COOP:482415,'DEAVER WY US',201009,24,587
COOP:482415,'DEAVER WY US',201010,3,517
COOP:482415,'DEAVER WY US',201011,74,265
COOP:482415,'DEAVER WY US',201012,2,165
COOP:482415,'DEAVER WY US',201101,4,126
COOP:482415,'DEAVER WY US',201102,20,115
COOP:482415,'DEAVER WY US',201103,23,344
COOP:482415,'DEAVER WY US',201104,89,424
COOP:482415,'DEAVER WY US',201105,282,500
COOP:482415,'DEAVER WY US',201106,69,621
COOP:482415,'DEAVER WY US',201107,6,744
COOP:482415,'DEAVER WY US',201108,68,722
COOP:482415,'DEAVER WY US',201109,0,619
COOP:482415,'DEAVER WY US',201110,136,497
COOP:482415,'DEAVER WY US',201111,0,283
COOP:482415,'DEAVER WY US',201112,23,188
COOP:482415,'DEAVER WY US',201201,2,238
COOP:482415,'DEAVER WY US',201202,17,254
COOP:482415,'DEAVER WY US',201203,4,438
COOP:482415,'DEAVER WY US',201204,55,520
COOP:482415,'DEAVER WY US',201205,113,562
COOP:482415,'DEAVER WY US',201206,30,682
COOP:482415,'DEAVER WY US',201207,0,762
COOP:482415,'DEAVER WY US',201208,0,711
COOP:482415,'DEAVER WY US',201209,0,615
COOP:482415,'DEAVER WY US',201210,13,442
COOP:482415,'DEAVER WY US',201211,25,341
COOP:482415,'DEAVER WY US',201212,25,216
COOP:482415,'DEAVER WY US',201301,21,133
COOP:482415,'DEAVER WY US',201302,15,184
COOP:482415,'DEAVER WY US',201303,3,338
COOP:482415,'DEAVER WY US',201304,28,387
COOP:482415,'DEAVER WY US',201305,98,562
COOP:482415,'DEAVER WY US',201306,48,655
COOP:482415,'DEAVER WY US',201307,72,745
COOP:482415,'DEAVER WY US',201308,14,731
COOP:482415,'DEAVER WY US',201309,88,627
COOP:482415,'DEAVER WY US',201311,1,312
COOP:482415,'DEAVER WY US',201312,32,145
COOP:482415,'DEAVER WY US',201401,27,189
COOP:482415,'DEAVER WY US',201402,76,128
COOP:482415,'DEAVER WY US',201403,44,314
COOP:482415,'DEAVER WY US',201404,72,420
COOP:482415,'DEAVER WY US',201405,42,550
COOP:482415,'DEAVER WY US',201407,5,722
COOP:480140,'ALTA 1 NNW WY US',200001,280,214
COOP:480140,'ALTA 1 NNW WY US',200002,207,280
COOP:480140,'ALTA 1 NNW WY US',200003,194,285
COOP:480140,'ALTA 1 NNW WY US',200004,180,413
COOP:480140,'ALTA 1 NNW WY US',200005,310,478
COOP:480140,'ALTA 1 NNW WY US',200006,122,560
COOP:480140,'ALTA 1 NNW WY US',200007,117,650
COOP:480140,'ALTA 1 NNW WY US',200008,140,650
COOP:480140,'ALTA 1 NNW WY US',200009,70,524
COOP:480140,'ALTA 1 NNW WY US',200010,279,417
COOP:480140,'ALTA 1 NNW WY US',200011,131,197
COOP:480140,'ALTA 1 NNW WY US',200012,164,197
COOP:480140,'ALTA 1 NNW WY US',200101,65,176
COOP:480140,'ALTA 1 NNW WY US',200102,173,205
COOP:480140,'ALTA 1 NNW WY US',200103,86,317
COOP:480140,'ALTA 1 NNW WY US',200104,164,384
COOP:480140,'ALTA 1 NNW WY US',200105,67,507
COOP:480140,'ALTA 1 NNW WY US',200106,169,562
COOP:480140,'ALTA 1 NNW WY US',200107,142,645
COOP:480140,'ALTA 1 NNW WY US',200108,64,656
COOP:480140,'ALTA 1 NNW WY US',200109,104,575
COOP:480140,'ALTA 1 NNW WY US',200110,143,428
COOP:480140,'ALTA 1 NNW WY US',200111,191,340
COOP:480140,'ALTA 1 NNW WY US',200112,206,169
COOP:480140,'ALTA 1 NNW WY US',200201,219,164
COOP:480140,'ALTA 1 NNW WY US',200202,81,175
COOP:480140,'ALTA 1 NNW WY US',200203,150,246
COOP:480140,'ALTA 1 NNW WY US',200204,301,385
COOP:480140,'ALTA 1 NNW WY US',200205,233,471
COOP:480140,'ALTA 1 NNW WY US',200206,215,560
COOP:480140,'ALTA 1 NNW WY US',200207,69,658
COOP:480140,'ALTA 1 NNW WY US',200208,93,593
COOP:480140,'ALTA 1 NNW WY US',200209,352,534
COOP:480140,'ALTA 1 NNW WY US',200210,131,383
COOP:480140,'ALTA 1 NNW WY US',200211,170,262
COOP:480140,'ALTA 1 NNW WY US',200212,158,241
COOP:480140,'ALTA 1 NNW WY US',200301,227,276
COOP:480140,'ALTA 1 NNW WY US',200302,147,203
COOP:480140,'ALTA 1 NNW WY US',200303,144,303
COOP:480140,'ALTA 1 NNW WY US',200304,237,386
COOP:480140,'ALTA 1 NNW WY US',200305,172,491
COOP:480140,'ALTA 1 NNW WY US',200306,99,556
COOP:480140,'ALTA 1 NNW WY US',200307,45,688
COOP:480140,'ALTA 1 NNW WY US',200308,141,654
COOP:480140,'ALTA 1 NNW WY US',200309,123,535
COOP:480140,'ALTA 1 NNW WY US',200310,100,477
COOP:480140,'ALTA 1 NNW WY US',200311,228,226
COOP:480140,'ALTA 1 NNW WY US',200312,383,239
COOP:480140,'ALTA 1 NNW WY US',200401,308,179
COOP:480140,'ALTA 1 NNW WY US',200402,121,210
COOP:480140,'ALTA 1 NNW WY US',200403,110,348
COOP:480140,'ALTA 1 NNW WY US',200404,228,423
COOP:480140,'ALTA 1 NNW WY US',200405,322,464
COOP:480140,'ALTA 1 NNW WY US',200406,221,551
COOP:480140,'ALTA 1 NNW WY US',200408,158,598
COOP:480140,'ALTA 1 NNW WY US',200409,220,520
COOP:480140,'ALTA 1 NNW WY US',200410,224,425
COOP:480140,'ALTA 1 NNW WY US',200411,43,294
COOP:480140,'ALTA 1 NNW WY US',200412,160,236
COOP:480140,'ALTA 1 NNW WY US',200501,123,232
COOP:480140,'ALTA 1 NNW WY US',200502,93,216
COOP:480140,'ALTA 1 NNW WY US',200503,202,287
COOP:480140,'ALTA 1 NNW WY US',200504,103,377
COOP:480140,'ALTA 1 NNW WY US',200505,458,472
COOP:480140,'ALTA 1 NNW WY US',200506,427,523
COOP:480140,'ALTA 1 NNW WY US',200507,48,656
COOP:480140,'ALTA 1 NNW WY US',200508,201,613
COOP:480140,'ALTA 1 NNW WY US',200509,270,510
COOP:480140,'ALTA 1 NNW WY US',200510,253,440
COOP:480140,'ALTA 1 NNW WY US',200511,231,296
COOP:480140,'ALTA 1 NNW WY US',200512,338,197
COOP:480140,'ALTA 1 NNW WY US',200601,292,209
COOP:480140,'ALTA 1 NNW WY US',200602,153,183
COOP:480140,'ALTA 1 NNW WY US',200603,242,273
COOP:480140,'ALTA 1 NNW WY US',200604,234,402
COOP:480140,'ALTA 1 NNW WY US',200605,169,499
COOP:480140,'ALTA 1 NNW WY US',200606,120,591
COOP:480140,'ALTA 1 NNW WY US',200607,61,675
COOP:480140,'ALTA 1 NNW WY US',200608,99,609
COOP:480140,'ALTA 1 NNW WY US',200609,214,518
COOP:480140,'ALTA 1 NNW WY US',200610,289,408
COOP:480140,'ALTA 1 NNW WY US',200611,163,306
COOP:480140,'ALTA 1 NNW WY US',200612,238,200
COOP:480140,'ALTA 1 NNW WY US',200701,156,126
COOP:480140,'ALTA 1 NNW WY US',200702,164,255
COOP:480140,'ALTA 1 NNW WY US',200703,59,351
COOP:480140,'ALTA 1 NNW WY US',200704,186,398
COOP:480140,'ALTA 1 NNW WY US',200705,84,513
COOP:480140,'ALTA 1 NNW WY US',200706,192,587
COOP:480140,'ALTA 1 NNW WY US',200707,183,695
COOP:480140,'ALTA 1 NNW WY US',200708,151,643
COOP:480140,'ALTA 1 NNW WY US',200709,183,535
COOP:480140,'ALTA 1 NNW WY US',200710,318,407
COOP:480140,'ALTA 1 NNW WY US',200711,150,321
COOP:480140,'ALTA 1 NNW WY US',200712,249,174
COOP:480140,'ALTA 1 NNW WY US',200801,256,146
COOP:480140,'ALTA 1 NNW WY US',200802,184,213
COOP:480140,'ALTA 1 NNW WY US',200803,372,241
COOP:480140,'ALTA 1 NNW WY US',200804,82,306
COOP:480140,'ALTA 1 NNW WY US',200805,372,443
COOP:480140,'ALTA 1 NNW WY US',200806,140,542
COOP:480140,'ALTA 1 NNW WY US',200807,180,646
COOP:480140,'ALTA 1 NNW WY US',200808,186,622
COOP:480140,'ALTA 1 NNW WY US',200809,71,530
COOP:480140,'ALTA 1 NNW WY US',200810,138,423
COOP:480140,'ALTA 1 NNW WY US',200811,275,339
COOP:480140,'ALTA 1 NNW WY US',200812,355,192
COOP:480140,'ALTA 1 NNW WY US',200901,270,203
COOP:480140,'ALTA 1 NNW WY US',200902,176,236
COOP:480140,'ALTA 1 NNW WY US',200903,317,279
COOP:480140,'ALTA 1 NNW WY US',200904,374,368
COOP:480140,'ALTA 1 NNW WY US',200905,212,490
COOP:480140,'ALTA 1 NNW WY US',200906,613,530
COOP:480140,'ALTA 1 NNW WY US',200907,72,610
COOP:480140,'ALTA 1 NNW WY US',200908,157,604
COOP:480140,'ALTA 1 NNW WY US',200909,165,578
COOP:480140,'ALTA 1 NNW WY US',200910,215,359
COOP:480140,'ALTA 1 NNW WY US',200911,51,314
COOP:480140,'ALTA 1 NNW WY US',201001,232,234
COOP:480140,'ALTA 1 NNW WY US',201002,126,213
COOP:480140,'ALTA 1 NNW WY US',201003,184,291
COOP:480140,'ALTA 1 NNW WY US',201004,462,355
COOP:480140,'ALTA 1 NNW WY US',201005,341,406
COOP:480140,'ALTA 1 NNW WY US',201006,403,545
COOP:480140,'ALTA 1 NNW WY US',201007,87,616
COOP:480140,'ALTA 1 NNW WY US',201008,125,604
COOP:480140,'ALTA 1 NNW WY US',201009,128,558
COOP:480140,'ALTA 1 NNW WY US',201010,289,456
COOP:480140,'ALTA 1 NNW WY US',201011,330,265
COOP:480140,'ALTA 1 NNW WY US',201012,297,229
COOP:480140,'ALTA 1 NNW WY US',201101,243,186
COOP:480140,'ALTA 1 NNW WY US',201102,268,175
COOP:480140,'ALTA 1 NNW WY US',201103,348,294
COOP:480140,'ALTA 1 NNW WY US',201104,425,322
COOP:480140,'ALTA 1 NNW WY US',201105,474,423
COOP:480140,'ALTA 1 NNW WY US',201106,291,539
COOP:480140,'ALTA 1 NNW WY US',201107,132,644
COOP:480140,'ALTA 1 NNW WY US',201108,133,638
COOP:480140,'ALTA 1 NNW WY US',201109,81,567
COOP:480140,'ALTA 1 NNW WY US',201110,199,431
COOP:480140,'ALTA 1 NNW WY US',201111,190,261
COOP:480140,'ALTA 1 NNW WY US',201112,138,170
COOP:480140,'ALTA 1 NNW WY US',201201,200,218
COOP:480140,'ALTA 1 NNW WY US',201202,247,213
COOP:480140,'ALTA 1 NNW WY US',201203,261,339
COOP:480140,'ALTA 1 NNW WY US',201204,186,427
COOP:480140,'ALTA 1 NNW WY US',201205,243,475
COOP:480140,'ALTA 1 NNW WY US',201206,53,572
COOP:480140,'ALTA 1 NNW WY US',201207,197,665
COOP:480140,'ALTA 1 NNW WY US',201208,65,660
COOP:480140,'ALTA 1 NNW WY US',201209,197,567
COOP:480140,'ALTA 1 NNW WY US',201210,183,409
COOP:480140,'ALTA 1 NNW WY US',201211,187,335
COOP:480140,'ALTA 1 NNW WY US',201212,292,212
COOP:480140,'ALTA 1 NNW WY US',201301,176,154
COOP:480140,'ALTA 1 NNW WY US',201302,89,203
COOP:480140,'ALTA 1 NNW WY US',201303,140,289
COOP:480140,'ALTA 1 NNW WY US',201304,195,355
COOP:480140,'ALTA 1 NNW WY US',201305,409,489
COOP:480140,'ALTA 1 NNW WY US',201306,53,577
COOP:480140,'ALTA 1 NNW WY US',201307,75,658
COOP:480140,'ALTA 1 NNW WY US',201308,72,657
COOP:480140,'ALTA 1 NNW WY US',201309,308,551
COOP:480140,'ALTA 1 NNW WY US',201310,240,389
COOP:480140,'ALTA 1 NNW WY US',201311,155,311
COOP:480140,'ALTA 1 NNW WY US',201312,145,167
COOP:480140,'ALTA 1 NNW WY US',201401,165,204
COOP:480140,'ALTA 1 NNW WY US',201402,214,230
COOP:480140,'ALTA 1 NNW WY US',201403,470,322
COOP:480140,'ALTA 1 NNW WY US',201404,264,363
COOP:480140,'ALTA 1 NNW WY US',201405,72,496
COOP:480140,'ALTA 1 NNW WY US',201406,174,542
COOP:480140,'ALTA 1 NNW WY US',201407,72,654
COOP:482375,'DARWIN RANCH WY US',200001,202,128
COOP:482375,'DARWIN RANCH WY US',200002,127,180
COOP:482375,'DARWIN RANCH WY US',200003,78,195
COOP:482375,'DARWIN RANCH WY US',200004,84,348
COOP:482375,'DARWIN RANCH WY US',200005,117,415
COOP:482375,'DARWIN RANCH WY US',200006,140,476
COOP:482375,'DARWIN RANCH WY US',200007,78,547
COOP:482375,'DARWIN RANCH WY US',200008,89,544
COOP:482375,'DARWIN RANCH WY US',200009,172,441
COOP:482375,'DARWIN RANCH WY US',200010,113,338
COOP:482375,'DARWIN RANCH WY US',200011,45,128
COOP:482375,'DARWIN RANCH WY US',200012,86,90
COOP:482375,'DARWIN RANCH WY US',200101,26,93
COOP:482375,'DARWIN RANCH WY US',200102,112,114
COOP:482375,'DARWIN RANCH WY US',200103,34,229
COOP:482375,'DARWIN RANCH WY US',200104,86,298
COOP:482375,'DARWIN RANCH WY US',200105,95,426
COOP:482375,'DARWIN RANCH WY US',200106,85,489
COOP:482375,'DARWIN RANCH WY US',200107,65,547
COOP:482375,'DARWIN RANCH WY US',200108,84,546
COOP:482375,'DARWIN RANCH WY US',200109,101,478
COOP:482375,'DARWIN RANCH WY US',200110,143,338
COOP:482375,'DARWIN RANCH WY US',200111,113,274
COOP:482375,'DARWIN RANCH WY US',200112,136,89
COOP:482375,'DARWIN RANCH WY US',200202,30,97
COOP:482375,'DARWIN RANCH WY US',200203,112,169
COOP:482375,'DARWIN RANCH WY US',200204,165,313
COOP:482375,'DARWIN RANCH WY US',200205,75,392
COOP:482375,'DARWIN RANCH WY US',200206,56,491
COOP:482375,'DARWIN RANCH WY US',200207,168,562
COOP:482375,'DARWIN RANCH WY US',200208,35,502
COOP:482375,'DARWIN RANCH WY US',200209,294,454
COOP:482375,'DARWIN RANCH WY US',200210,128,301
COOP:482375,'DARWIN RANCH WY US',200211,51,174
COOP:482375,'DARWIN RANCH WY US',200212,68,124
COOP:482375,'DARWIN RANCH WY US',200301,33,163
COOP:482375,'DARWIN RANCH WY US',200302,70,95
COOP:482375,'DARWIN RANCH WY US',200303,163,225
COOP:482375,'DARWIN RANCH WY US',200304,5,313
COOP:482375,'DARWIN RANCH WY US',200305,86,413
COOP:482375,'DARWIN RANCH WY US',200306,84,462
COOP:482375,'DARWIN RANCH WY US',200307,27,569
COOP:482375,'DARWIN RANCH WY US',200308,203,550
COOP:482375,'DARWIN RANCH WY US',200309,199,440
COOP:482375,'DARWIN RANCH WY US',200310,65,374
COOP:482375,'DARWIN RANCH WY US',200311,88,136
COOP:482375,'DARWIN RANCH WY US',200312,134,139
COOP:482375,'DARWIN RANCH WY US',200401,68,103
COOP:482375,'DARWIN RANCH WY US',200402,66,108
COOP:482375,'DARWIN RANCH WY US',200403,34,249
COOP:482375,'DARWIN RANCH WY US',200404,85,347
COOP:482375,'DARWIN RANCH WY US',200405,209,399
COOP:482375,'DARWIN RANCH WY US',200406,203,472
COOP:482375,'DARWIN RANCH WY US',200407,97,529
COOP:482375,'DARWIN RANCH WY US',200408,281,505
COOP:482375,'DARWIN RANCH WY US',200409,235,440
COOP:482375,'DARWIN RANCH WY US',200410,199,341
COOP:482375,'DARWIN RANCH WY US',200411,4,206
COOP:482375,'DARWIN RANCH WY US',200412,87,128
COOP:482375,'DARWIN RANCH WY US',200502,100,123
COOP:482375,'DARWIN RANCH WY US',200503,129,184
COOP:482375,'DARWIN RANCH WY US',200505,293,399
COOP:482375,'DARWIN RANCH WY US',200506,200,452
COOP:482375,'DARWIN RANCH WY US',200507,169,549
COOP:482375,'DARWIN RANCH WY US',200508,146,520
COOP:482375,'DARWIN RANCH WY US',200509,158,435
COOP:482375,'DARWIN RANCH WY US',200510,155,363
COOP:482375,'DARWIN RANCH WY US',200511,221,219
COOP:482375,'DARWIN RANCH WY US',200512,130,88
COOP:482375,'DARWIN RANCH WY US',200601,111,119
COOP:482375,'DARWIN RANCH WY US',200602,82,79
COOP:482375,'DARWIN RANCH WY US',200605,86,419
COOP:482375,'DARWIN RANCH WY US',200606,56,501
COOP:482375,'DARWIN RANCH WY US',200607,105,570
COOP:482375,'DARWIN RANCH WY US',200608,145,516
COOP:482375,'DARWIN RANCH WY US',200609,134,429
COOP:482375,'DARWIN RANCH WY US',200610,233,325
COOP:482375,'DARWIN RANCH WY US',200611,119,213
COOP:482375,'DARWIN RANCH WY US',200612,201,115
COOP:482375,'DARWIN RANCH WY US',200701,77,27
COOP:482375,'DARWIN RANCH WY US',200702,82,143
COOP:482375,'DARWIN RANCH WY US',200703,47,257
COOP:482375,'DARWIN RANCH WY US',200704,104,334
COOP:482375,'DARWIN RANCH WY US',200705,49,419
COOP:482375,'DARWIN RANCH WY US',200706,58,499
COOP:482375,'DARWIN RANCH WY US',200707,124,592
COOP:482375,'DARWIN RANCH WY US',200708,241,540
COOP:482375,'DARWIN RANCH WY US',200709,186,457
COOP:482375,'DARWIN RANCH WY US',200710,313,348
COOP:482375,'DARWIN RANCH WY US',200711,83,234
COOP:482375,'DARWIN RANCH WY US',200712,104,85
COOP:482375,'DARWIN RANCH WY US',200801,143,37
COOP:482375,'DARWIN RANCH WY US',200802,101,110
COOP:482375,'DARWIN RANCH WY US',200803,41,147
COOP:482375,'DARWIN RANCH WY US',200804,13,218
COOP:482375,'DARWIN RANCH WY US',200805,90,387
COOP:482375,'DARWIN RANCH WY US',200806,114,456
COOP:482375,'DARWIN RANCH WY US',200807,0,540
COOP:482375,'DARWIN RANCH WY US',200808,30,523
COOP:482375,'DARWIN RANCH WY US',200809,178,441
COOP:482375,'DARWIN RANCH WY US',200810,170,345
COOP:482375,'DARWIN RANCH WY US',200811,149,264
COOP:482375,'DARWIN RANCH WY US',200812,233,94
COOP:482375,'DARWIN RANCH WY US',200901,165,98
COOP:482375,'DARWIN RANCH WY US',200902,88,115
COOP:482375,'DARWIN RANCH WY US',200903,220,183
COOP:482375,'DARWIN RANCH WY US',200904,191,286
COOP:482375,'DARWIN RANCH WY US',200905,91,403
COOP:482375,'DARWIN RANCH WY US',200906,482,462
COOP:482375,'DARWIN RANCH WY US',200907,114,525
COOP:482375,'DARWIN RANCH WY US',200908,113,506
COOP:482375,'DARWIN RANCH WY US',200909,75,478
COOP:482375,'DARWIN RANCH WY US',200910,162,277
COOP:482375,'DARWIN RANCH WY US',200911,13,226
COOP:482375,'DARWIN RANCH WY US',200912,33,62
COOP:482375,'DARWIN RANCH WY US',201001,174,117
COOP:482375,'DARWIN RANCH WY US',201002,32,105
COOP:482375,'DARWIN RANCH WY US',201003,111,233
COOP:482375,'DARWIN RANCH WY US',201004,238,294
COOP:482375,'DARWIN RANCH WY US',201005,219,335
COOP:482375,'DARWIN RANCH WY US',201006,220,473
COOP:482375,'DARWIN RANCH WY US',201007,86,531
COOP:482375,'DARWIN RANCH WY US',201008,198,514
COOP:482375,'DARWIN RANCH WY US',201009,55,457
COOP:482375,'DARWIN RANCH WY US',201010,184,367
COOP:482375,'DARWIN RANCH WY US',201011,191,190
COOP:482375,'DARWIN RANCH WY US',201012,257,160
COOP:482375,'DARWIN RANCH WY US',201101,59,93
COOP:482375,'DARWIN RANCH WY US',201102,104,92
COOP:482375,'DARWIN RANCH WY US',201103,153,198
COOP:482375,'DARWIN RANCH WY US',201104,957,250
COOP:482375,'DARWIN RANCH WY US',201105,788,338
COOP:482375,'DARWIN RANCH WY US',201106,157,461
COOP:482375,'DARWIN RANCH WY US',201108,101,532
COOP:482375,'DARWIN RANCH WY US',201109,50,460
COOP:482375,'DARWIN RANCH WY US',201110,182,359
COOP:482375,'DARWIN RANCH WY US',201111,166,172
COOP:482375,'DARWIN RANCH WY US',201112,57,65
COOP:482375,'DARWIN RANCH WY US',201201,141,111
COOP:482375,'DARWIN RANCH WY US',201202,47,97
COOP:482375,'DARWIN RANCH WY US',201203,91,260
COOP:482375,'DARWIN RANCH WY US',201204,152,355
COOP:482375,'DARWIN RANCH WY US',201205,178,394
COOP:482375,'DARWIN RANCH WY US',201206,1,498
COOP:482375,'DARWIN RANCH WY US',201207,80,570
COOP:482375,'DARWIN RANCH WY US',201208,11,543
COOP:482375,'DARWIN RANCH WY US',201209,25,461
COOP:482375,'DARWIN RANCH WY US',201210,151,329
COOP:482375,'DARWIN RANCH WY US',201211,56,248
COOP:482375,'DARWIN RANCH WY US',201212,189,111
COOP:482375,'DARWIN RANCH WY US',201301,38,61
COOP:482375,'DARWIN RANCH WY US',201302,25,90
COOP:482375,'DARWIN RANCH WY US',201303,37,196
COOP:482375,'DARWIN RANCH WY US',201304,170,253
COOP:482375,'DARWIN RANCH WY US',201305,194,412
COOP:482375,'DARWIN RANCH WY US',201306,19,495
COOP:482375,'DARWIN RANCH WY US',201307,227,561
COOP:482375,'DARWIN RANCH WY US',201308,122,546
COOP:482375,'DARWIN RANCH WY US',201309,443,466
COOP:482375,'DARWIN RANCH WY US',201310,140,308
COOP:482375,'DARWIN RANCH WY US',201311,71,219
COOP:482375,'DARWIN RANCH WY US',201312,185,50
COOP:482375,'DARWIN RANCH WY US',201401,93,101
COOP:482375,'DARWIN RANCH WY US',201402,285,132
COOP:482375,'DARWIN RANCH WY US',201403,183,209
COOP:482375,'DARWIN RANCH WY US',201404,55,277
COOP:482375,'DARWIN RANCH WY US',201405,61,413
COOP:482375,'DARWIN RANCH WY US',201406,204,458
COOP:482375,'DARWIN RANCH WY US',201407,109,549
COOP:482399,'DAYTON WY US',200612,11,262
COOP:482399,'DAYTON WY US',200703,4,391
COOP:482399,'DAYTON WY US',200704,69,404
COOP:482399,'DAYTON WY US',200705,581,531
COOP:482399,'DAYTON WY US',200706,317,618
COOP:482399,'DAYTON WY US',200707,9,732
COOP:482399,'DAYTON WY US',200708,97,667
COOP:482399,'DAYTON WY US',200709,132,565
COOP:482399,'DAYTON WY US',200710,360,472
COOP:482399,'DAYTON WY US',200711,0,336
COOP:482399,'DAYTON WY US',200712,50,223
COOP:482399,'DAYTON WY US',200801,11,195
COOP:482399,'DAYTON WY US',200802,89,262
COOP:482399,'DAYTON WY US',200803,264,312
COOP:482399,'DAYTON WY US',200804,106,376
COOP:482399,'DAYTON WY US',200805,599,497
COOP:482399,'DAYTON WY US',200806,226,569
COOP:482399,'DAYTON WY US',200807,83,668
COOP:482399,'DAYTON WY US',200808,48,675
COOP:482399,'DAYTON WY US',200809,176,529
COOP:482399,'DAYTON WY US',200810,170,432
COOP:482399,'DAYTON WY US',200811,156,371
COOP:482399,'DAYTON WY US',200812,223,168
COOP:482399,'DAYTON WY US',200901,216,267
COOP:482399,'DAYTON WY US',200902,21,287
COOP:482399,'DAYTON WY US',200903,269,303
COOP:482399,'DAYTON WY US',200904,152,402
COOP:482399,'DAYTON WY US',200905,88,519
COOP:482399,'DAYTON WY US',200906,337,569
COOP:482399,'DAYTON WY US',200907,132,664
COOP:482399,'DAYTON WY US',200908,82,644
COOP:482399,'DAYTON WY US',200909,64,615
COOP:482399,'DAYTON WY US',200910,278,364
COOP:482399,'DAYTON WY US',200911,32,355
COOP:482399,'DAYTON WY US',200912,109,135
COOP:482399,'DAYTON WY US',201001,74,221
COOP:482399,'DAYTON WY US',201002,67,222
COOP:482399,'DAYTON WY US',201003,48,399
COOP:482399,'DAYTON WY US',201004,323,425
COOP:482399,'DAYTON WY US',201005,570,471
COOP:482399,'DAYTON WY US',201006,247,594
COOP:482399,'DAYTON WY US',201007,69,667
COOP:482399,'DAYTON WY US',201008,112,673
COOP:482399,'DAYTON WY US',201009,52,569
COOP:482399,'DAYTON WY US',201010,59,510
COOP:482399,'DAYTON WY US',201011,172,302
COOP:482399,'DAYTON WY US',201012,69,210
COOP:482399,'DAYTON WY US',201104,365,402
COOP:482399,'DAYTON WY US',201105,905,457
COOP:482399,'DAYTON WY US',201107,47,708
COOP:482399,'DAYTON WY US',201108,78,696
COOP:482399,'DAYTON WY US',201109,43,584
COOP:482399,'DAYTON WY US',201110,333,485
COOP:482399,'DAYTON WY US',201111,242,308
COOP:482399,'DAYTON WY US',201201,27,276
COOP:482399,'DAYTON WY US',201202,23,260
COOP:482399,'DAYTON WY US',201203,13,441
COOP:482399,'DAYTON WY US',201204,92,475
COOP:482399,'DAYTON WY US',201205,206,510
COOP:482399,'DAYTON WY US',201206,87,641
COOP:482399,'DAYTON WY US',201207,97,735
COOP:482399,'DAYTON WY US',201208,12,675
COOP:482399,'DAYTON WY US',201209,6,597
COOP:482399,'DAYTON WY US',201210,81,426
COOP:482399,'DAYTON WY US',201211,134,335
COOP:482399,'DAYTON WY US',201212,75,222
COOP:482399,'DAYTON WY US',201301,150,249
COOP:482399,'DAYTON WY US',201302,139,246
COOP:482399,'DAYTON WY US',201303,60,318
COOP:482399,'DAYTON WY US',201305,260,549
COOP:482399,'DAYTON WY US',201306,112,618
COOP:482399,'DAYTON WY US',201307,52,702
COOP:482399,'DAYTON WY US',201308,25,701
COOP:482399,'DAYTON WY US',201309,258,602
COOP:482399,'DAYTON WY US',201310,367,410
COOP:482399,'DAYTON WY US',201311,11,321
COOP:482399,'DAYTON WY US',201312,288,192
COOP:482399,'DAYTON WY US',201402,180,158
COOP:482399,'DAYTON WY US',201403,520,323
COOP:482399,'DAYTON WY US',201404,144,436
COOP:482399,'DAYTON WY US',201405,156,535
COOP:482399,'DAYTON WY US',201406,218,593
COOP:482399,'DAYTON WY US',201407,57,695
COOP:481220,'BURGESS JUNCTION WY US',200001,211,186
COOP:481220,'BURGESS JUNCTION WY US',200002,169,234
COOP:481220,'BURGESS JUNCTION WY US',200003,202,256
COOP:481220,'BURGESS JUNCTION WY US',200004,301,317
COOP:481220,'BURGESS JUNCTION WY US',200005,458,407
COOP:481220,'BURGESS JUNCTION WY US',200006,318,476
COOP:481220,'BURGESS JUNCTION WY US',200008,66,584
COOP:481220,'BURGESS JUNCTION WY US',200009,173,444
COOP:481220,'BURGESS JUNCTION WY US',200010,144,361
COOP:481220,'BURGESS JUNCTION WY US',200011,115,158
COOP:481220,'BURGESS JUNCTION WY US',200012,178,168
COOP:481220,'BURGESS JUNCTION WY US',200101,91,194
COOP:481220,'BURGESS JUNCTION WY US',200102,129,150
COOP:481220,'BURGESS JUNCTION WY US',200103,162,250
COOP:481220,'BURGESS JUNCTION WY US',200104,131,313
COOP:481220,'BURGESS JUNCTION WY US',200105,169,407
COOP:481220,'BURGESS JUNCTION WY US',200106,136,481
COOP:481220,'BURGESS JUNCTION WY US',200108,35,591
COOP:481220,'BURGESS JUNCTION WY US',200109,248,482
COOP:481220,'BURGESS JUNCTION WY US',200110,296,341
COOP:481220,'BURGESS JUNCTION WY US',200111,141,297
COOP:481220,'BURGESS JUNCTION WY US',200112,76,174
COOP:481220,'BURGESS JUNCTION WY US',200201,136,158
COOP:481220,'BURGESS JUNCTION WY US',200202,144,189
COOP:481220,'BURGESS JUNCTION WY US',200203,194,174
COOP:481220,'BURGESS JUNCTION WY US',200204,156,296
COOP:481220,'BURGESS JUNCTION WY US',200205,201,377
COOP:481220,'BURGESS JUNCTION WY US',200206,65,504
COOP:481220,'BURGESS JUNCTION WY US',200207,230,600
COOP:481220,'BURGESS JUNCTION WY US',200208,51,532
COOP:481220,'BURGESS JUNCTION WY US',200209,184,466
COOP:481220,'BURGESS JUNCTION WY US',200210,182,292
COOP:481220,'BURGESS JUNCTION WY US',200211,153,251
COOP:481220,'BURGESS JUNCTION WY US',200212,27,210
COOP:481220,'BURGESS JUNCTION WY US',200301,164,241
COOP:481220,'BURGESS JUNCTION WY US',200302,232,140
COOP:481220,'BURGESS JUNCTION WY US',200303,358,239
COOP:481220,'BURGESS JUNCTION WY US',200304,379,333
COOP:481220,'BURGESS JUNCTION WY US',200305,253,380
COOP:481220,'BURGESS JUNCTION WY US',200306,260,456
COOP:481220,'BURGESS JUNCTION WY US',200307,64,607
COOP:481220,'BURGESS JUNCTION WY US',200308,171,610
COOP:481220,'BURGESS JUNCTION WY US',200309,134,448
COOP:481220,'BURGESS JUNCTION WY US',200310,124,388
COOP:481220,'BURGESS JUNCTION WY US',200311,110,187
COOP:481220,'BURGESS JUNCTION WY US',200312,220,206
COOP:481220,'BURGESS JUNCTION WY US',200401,44,189
COOP:481220,'BURGESS JUNCTION WY US',200402,172,180
COOP:481220,'BURGESS JUNCTION WY US',200403,128,270
COOP:481220,'BURGESS JUNCTION WY US',200404,206,327
COOP:481220,'BURGESS JUNCTION WY US',200405,141,402
COOP:481220,'BURGESS JUNCTION WY US',200406,142,446
COOP:481220,'BURGESS JUNCTION WY US',200407,192,540
COOP:481220,'BURGESS JUNCTION WY US',200408,107,514
COOP:481220,'BURGESS JUNCTION WY US',200409,267,443
COOP:481220,'BURGESS JUNCTION WY US',200410,256,353
COOP:481220,'BURGESS JUNCTION WY US',200411,61,273
COOP:481220,'BURGESS JUNCTION WY US',200412,67,225
COOP:481220,'BURGESS JUNCTION WY US',200501,77,218
COOP:481220,'BURGESS JUNCTION WY US',200502,102,208
COOP:481220,'BURGESS JUNCTION WY US',200503,233,235
COOP:481220,'BURGESS JUNCTION WY US',200504,212,304
COOP:481220,'BURGESS JUNCTION WY US',200505,550,366
COOP:481220,'BURGESS JUNCTION WY US',200506,235,495
COOP:481220,'BURGESS JUNCTION WY US',200507,53,577
COOP:481220,'BURGESS JUNCTION WY US',200508,260,527
COOP:481220,'BURGESS JUNCTION WY US',200509,50,468
COOP:481220,'BURGESS JUNCTION WY US',200510,161,381
COOP:481220,'BURGESS JUNCTION WY US',200511,188,278
COOP:481220,'BURGESS JUNCTION WY US',200512,120,175
COOP:481220,'BURGESS JUNCTION WY US',200601,57,247
COOP:481220,'BURGESS JUNCTION WY US',200602,106,152
COOP:481220,'BURGESS JUNCTION WY US',200603,82,220
COOP:481220,'BURGESS JUNCTION WY US',200604,142,336
COOP:481220,'BURGESS JUNCTION WY US',200605,224,410
COOP:481220,'BURGESS JUNCTION WY US',200606,93,508
COOP:481220,'BURGESS JUNCTION WY US',200608,55,559
COOP:481220,'BURGESS JUNCTION WY US',200609,343,449
COOP:481220,'BURGESS JUNCTION WY US',200610,206,320
COOP:481220,'BURGESS JUNCTION WY US',200611,117,252
COOP:481220,'BURGESS JUNCTION WY US',200612,82,213
COOP:481220,'BURGESS JUNCTION WY US',200701,151,140
COOP:481220,'BURGESS JUNCTION WY US',200702,143,198
COOP:481220,'BURGESS JUNCTION WY US',200703,237,292
COOP:481220,'BURGESS JUNCTION WY US',200704,150,296
COOP:481220,'BURGESS JUNCTION WY US',200705,389,401
COOP:481220,'BURGESS JUNCTION WY US',200710,277,368
COOP:481220,'BURGESS JUNCTION WY US',200711,49,271
COOP:481220,'BURGESS JUNCTION WY US',200712,141,145
COOP:481220,'BURGESS JUNCTION WY US',200801,137,136
COOP:481220,'BURGESS JUNCTION WY US',200802,99,190
COOP:481220,'BURGESS JUNCTION WY US',200803,289,192
COOP:481220,'BURGESS JUNCTION WY US',200804,202,255
COOP:481220,'BURGESS JUNCTION WY US',200805,621,382
COOP:481220,'BURGESS JUNCTION WY US',200807,198,564
COOP:481220,'BURGESS JUNCTION WY US',200810,217,357
COOP:481220,'BURGESS JUNCTION WY US',200811,184,307
COOP:481220,'BURGESS JUNCTION WY US',200812,121,129
COOP:481220,'BURGESS JUNCTION WY US',200901,173,202
COOP:481220,'BURGESS JUNCTION WY US',200902,46,205
COOP:481220,'BURGESS JUNCTION WY US',200903,190,222
COOP:481220,'BURGESS JUNCTION WY US',200904,179,271
COOP:481220,'BURGESS JUNCTION WY US',200906,332,457
COOP:481220,'BURGESS JUNCTION WY US',200910,277,252
COOP:481220,'BURGESS JUNCTION WY US',200911,138,286
COOP:481220,'BURGESS JUNCTION WY US',200912,105,108
COOP:481220,'BURGESS JUNCTION WY US',201001,74,210
COOP:481220,'BURGESS JUNCTION WY US',201002,164,162
COOP:481220,'BURGESS JUNCTION WY US',201003,79,263
COOP:481220,'BURGESS JUNCTION WY US',201004,287,290
COOP:481220,'BURGESS JUNCTION WY US',201005,461,329
COOP:481220,'BURGESS JUNCTION WY US',201006,197,461
COOP:481220,'BURGESS JUNCTION WY US',201009,55,489
COOP:481220,'BURGESS JUNCTION WY US',201010,120,401
COOP:481220,'BURGESS JUNCTION WY US',201011,194,238
COOP:481220,'BURGESS JUNCTION WY US',201012,117,193
COOP:481220,'BURGESS JUNCTION WY US',201101,244,181
COOP:481220,'BURGESS JUNCTION WY US',201102,120,134
COOP:481220,'BURGESS JUNCTION WY US',201103,141,227
COOP:481220,'BURGESS JUNCTION WY US',201104,432,256
COOP:481220,'BURGESS JUNCTION WY US',201105,810,338
COOP:481220,'BURGESS JUNCTION WY US',201107,66,589
COOP:481220,'BURGESS JUNCTION WY US',201109,21,492
COOP:481220,'BURGESS JUNCTION WY US',201110,389,360
COOP:481220,'BURGESS JUNCTION WY US',201111,191,228
COOP:481220,'BURGESS JUNCTION WY US',201112,189,197
COOP:481220,'BURGESS JUNCTION WY US',201201,96,215
COOP:481220,'BURGESS JUNCTION WY US',201202,179,170
COOP:481220,'BURGESS JUNCTION WY US',201203,28,314
COOP:481220,'BURGESS JUNCTION WY US',201204,156,356
COOP:481220,'BURGESS JUNCTION WY US',201205,276,396
COOP:481220,'BURGESS JUNCTION WY US',201206,60,519
COOP:481220,'BURGESS JUNCTION WY US',201207,173,604
COOP:481220,'BURGESS JUNCTION WY US',201208,40,558
COOP:481220,'BURGESS JUNCTION WY US',201209,15,482
COOP:481220,'BURGESS JUNCTION WY US',201210,84,322
COOP:481220,'BURGESS JUNCTION WY US',201211,87,296
COOP:481220,'BURGESS JUNCTION WY US',201212,105,175
COOP:481220,'BURGESS JUNCTION WY US',201301,144,187
COOP:481220,'BURGESS JUNCTION WY US',201302,155,174
COOP:481220,'BURGESS JUNCTION WY US',201303,78,223
COOP:481220,'BURGESS JUNCTION WY US',201304,278,237
COOP:481220,'BURGESS JUNCTION WY US',201305,381,404
COOP:481220,'BURGESS JUNCTION WY US',201306,87,501
COOP:481220,'BURGESS JUNCTION WY US',201307,153,583
COOP:481220,'BURGESS JUNCTION WY US',201309,453,496
COOP:481220,'BURGESS JUNCTION WY US',201310,296,317
COOP:481220,'BURGESS JUNCTION WY US',201311,77,263
COOP:481220,'BURGESS JUNCTION WY US',201312,133,155
COOP:481220,'BURGESS JUNCTION WY US',201401,197,194
COOP:481220,'BURGESS JUNCTION WY US',201402,186,118
COOP:481220,'BURGESS JUNCTION WY US',201403,358,231
COOP:481220,'BURGESS JUNCTION WY US',201404,349,295
COOP:481220,'BURGESS JUNCTION WY US',201406,265,466
COOP:481220,'BURGESS JUNCTION WY US',201407,93,563
COOP:481284,'BURRIS WY US',200001,0,284
COOP:481284,'BURRIS WY US',200002,40,321
COOP:481284,'BURRIS WY US',200003,65,362
COOP:481284,'BURRIS WY US',200004,40,434
COOP:481284,'BURRIS WY US',200005,197,522
COOP:481284,'BURRIS WY US',200006,23,587
COOP:481284,'BURRIS WY US',200007,14,660
COOP:481284,'BURRIS WY US',200008,38,649
COOP:481284,'BURRIS WY US',200009,75,527
COOP:481284,'BURRIS WY US',200010,15,424
COOP:481284,'BURRIS WY US',200011,16,196
COOP:481284,'BURRIS WY US',200012,13,207
COOP:481284,'BURRIS WY US',200101,5,228
COOP:481284,'BURRIS WY US',200102,55,203
COOP:481284,'BURRIS WY US',200103,14,348
COOP:481284,'BURRIS WY US',200104,61,420
COOP:481284,'BURRIS WY US',200105,46,539
COOP:481284,'BURRIS WY US',200106,24,591
COOP:481284,'BURRIS WY US',200107,165,671
COOP:481284,'BURRIS WY US',200108,48,655
COOP:481284,'BURRIS WY US',200109,36,578
COOP:481284,'BURRIS WY US',200110,3,443
COOP:481284,'BURRIS WY US',200111,23,359
COOP:481284,'BURRIS WY US',200112,0,231
COOP:481284,'BURRIS WY US',200201,63,223
COOP:481284,'BURRIS WY US',200202,5,226
COOP:481284,'BURRIS WY US',200203,66,262
COOP:481284,'BURRIS WY US',200204,78,400
COOP:481284,'BURRIS WY US',200205,58,482
COOP:481284,'BURRIS WY US',200206,17,598
COOP:481284,'BURRIS WY US',200207,125,674
COOP:481284,'BURRIS WY US',200208,57,599
COOP:481284,'BURRIS WY US',200209,21,534
COOP:481284,'BURRIS WY US',200210,151,372
COOP:481284,'BURRIS WY US',200211,50,302
COOP:481284,'BURRIS WY US',200212,0,273
COOP:481284,'BURRIS WY US',200301,17,312
COOP:481284,'BURRIS WY US',200302,83,216
COOP:481284,'BURRIS WY US',200303,44,345
COOP:481284,'BURRIS WY US',200304,17,441
COOP:481284,'BURRIS WY US',200305,137,507
COOP:481284,'BURRIS WY US',200306,191,553
COOP:481284,'BURRIS WY US',200307,3,680
COOP:481284,'BURRIS WY US',200308,133,663
COOP:481284,'BURRIS WY US',200309,144,523
COOP:481284,'BURRIS WY US',200310,40,483
COOP:481284,'BURRIS WY US',200311,0,247
COOP:481284,'BURRIS WY US',200312,45,255
COOP:481284,'BURRIS WY US',200401,1,246
COOP:481284,'BURRIS WY US',200402,75,243
COOP:481284,'BURRIS WY US',200403,6,363
COOP:481284,'BURRIS WY US',200404,200,435
COOP:481284,'BURRIS WY US',200405,53,487
COOP:481284,'BURRIS WY US',200406,311,557
COOP:481284,'BURRIS WY US',200407,114,629
COOP:481284,'BURRIS WY US',200408,84,598
COOP:481284,'BURRIS WY US',200409,81,534
COOP:481284,'BURRIS WY US',200410,31,438
COOP:481284,'BURRIS WY US',200411,45,308
COOP:481284,'BURRIS WY US',200412,12,280
COOP:481284,'BURRIS WY US',200501,8,259
COOP:481284,'BURRIS WY US',200502,0,277
COOP:481284,'BURRIS WY US',200503,35,337
COOP:481284,'BURRIS WY US',200504,175,407
COOP:481284,'BURRIS WY US',200505,464,485
COOP:481284,'BURRIS WY US',200506,53,566
COOP:481284,'BURRIS WY US',200507,15,661
COOP:481284,'BURRIS WY US',200508,42,612
COOP:481284,'BURRIS WY US',200509,77,537
COOP:481284,'BURRIS WY US',200510,140,445
COOP:481284,'BURRIS WY US',200511,5,358
COOP:481284,'BURRIS WY US',200512,0,213
COOP:481284,'BURRIS WY US',200601,0,293
COOP:481284,'BURRIS WY US',200602,43,229
COOP:481284,'BURRIS WY US',200603,58,311
COOP:481284,'BURRIS WY US',200604,16,436
COOP:481284,'BURRIS WY US',200605,8,518
COOP:481284,'BURRIS WY US',200606,6,613
COOP:481284,'BURRIS WY US',200607,19,690
COOP:481284,'BURRIS WY US',200608,26,624
COOP:481284,'BURRIS WY US',200609,30,517
COOP:481284,'BURRIS WY US',200610,109,420
COOP:481284,'BURRIS WY US',200611,15,343
COOP:481284,'BURRIS WY US',200612,10,252
COOP:481284,'BURRIS WY US',200701,30,168
COOP:481284,'BURRIS WY US',200702,0,298
COOP:481284,'BURRIS WY US',200703,47,403
COOP:481284,'BURRIS WY US',200704,26,430
COOP:481284,'BURRIS WY US',200705,165,511
COOP:481284,'BURRIS WY US',200706,2,599
COOP:481284,'BURRIS WY US',200707,225,693
COOP:481284,'BURRIS WY US',200708,102,638
COOP:481284,'BURRIS WY US',200709,60,538
COOP:481284,'BURRIS WY US',200710,155,452
COOP:481284,'BURRIS WY US',200711,6,332
COOP:481284,'BURRIS WY US',200712,49,189
COOP:481284,'BURRIS WY US',200801,10,174
COOP:481284,'BURRIS WY US',200802,21,267
COOP:481284,'BURRIS WY US',200803,0,315
COOP:481284,'BURRIS WY US',200804,25,372
COOP:481284,'BURRIS WY US',200805,276,481
COOP:481284,'BURRIS WY US',200806,26,559
COOP:481284,'BURRIS WY US',200807,7,658
COOP:481284,'BURRIS WY US',200808,39,623
COOP:481284,'BURRIS WY US',200809,80,510
COOP:481284,'BURRIS WY US',200810,126,424
COOP:481284,'BURRIS WY US',200811,5,380
COOP:481284,'BURRIS WY US',200812,26,201
COOP:481284,'BURRIS WY US',200901,25,267
COOP:481284,'BURRIS WY US',200902,0,302
COOP:481284,'BURRIS WY US',200903,62,309
COOP:481284,'BURRIS WY US',200904,148,397
COOP:481284,'BURRIS WY US',200905,30,507
COOP:481284,'BURRIS WY US',200907,106,624
COOP:481284,'BURRIS WY US',200908,34,602
COOP:481284,'BURRIS WY US',200909,10,563
COOP:481284,'BURRIS WY US',200910,120,337
COOP:481284,'BURRIS WY US',200911,0,345
COOP:481284,'BURRIS WY US',201001,23,198
COOP:481284,'BURRIS WY US',201002,25,222
COOP:481284,'BURRIS WY US',201003,33,361
COOP:481284,'BURRIS WY US',201004,251,393
COOP:481284,'BURRIS WY US',201005,336,434
COOP:481284,'BURRIS WY US',201006,85,568
COOP:481284,'BURRIS WY US',201007,31,638
COOP:481284,'BURRIS WY US',201008,83,626
COOP:481284,'BURRIS WY US',201009,0,546
COOP:481284,'BURRIS WY US',201010,0,476
COOP:481284,'BURRIS WY US',201011,52,306
COOP:481284,'BURRIS WY US',201012,47,252
COOP:481284,'BURRIS WY US',201101,28,251
COOP:481284,'BURRIS WY US',201102,38,186
COOP:481284,'BURRIS WY US',201103,15,340
COOP:481284,'BURRIS WY US',201104,128,391
COOP:481284,'BURRIS WY US',201105,593,444
COOP:481284,'BURRIS WY US',201106,53,555
COOP:481284,'BURRIS WY US',201107,0,665
COOP:481284,'BURRIS WY US',201108,42,642
COOP:481284,'BURRIS WY US',201109,48,557
COOP:481284,'BURRIS WY US',201110,67,461
COOP:481284,'BURRIS WY US',201111,22,303
COOP:481284,'BURRIS WY US',201112,10,206
COOP:481284,'BURRIS WY US',201201,0,294
COOP:481284,'BURRIS WY US',201202,42,251
COOP:481284,'BURRIS WY US',201204,8,454
COOP:481284,'BURRIS WY US',201205,148,502
COOP:481284,'BURRIS WY US',201206,0,600
COOP:481284,'BURRIS WY US',201207,45,678
COOP:481284,'BURRIS WY US',201208,0,642
COOP:481284,'BURRIS WY US',201209,18,564
COOP:481284,'BURRIS WY US',201210,96,428
COOP:481284,'BURRIS WY US',201211,40,369
COOP:481284,'BURRIS WY US',201212,15,220
COOP:481284,'BURRIS WY US',201301,18,214
COOP:481284,'BURRIS WY US',201302,28,259
COOP:481284,'BURRIS WY US',201303,3,335
COOP:481284,'BURRIS WY US',201304,92,356
COOP:481284,'BURRIS WY US',201305,249,514
COOP:481284,'BURRIS WY US',201306,0,601
COOP:481284,'BURRIS WY US',201307,156,663
COOP:481284,'BURRIS WY US',201308,16,656
COOP:481284,'BURRIS WY US',201309,236,551
COOP:481284,'BURRIS WY US',201310,135,395
COOP:481284,'BURRIS WY US',201311,15,322
COOP:481284,'BURRIS WY US',201312,33,234
COOP:481284,'BURRIS WY US',201401,17,299
COOP:481284,'BURRIS WY US',201402,28,197
COOP:481284,'BURRIS WY US',201403,34,339
COOP:481284,'BURRIS WY US',201404,30,412
COOP:481284,'BURRIS WY US',201405,87,508
COOP:481284,'BURRIS WY US',201406,43,559
COOP:481284,'BURRIS WY US',201407,40,649
COOP:487885,'ROCKYPOINT 7 NNE WY US',200007,197,736
COOP:487885,'ROCKYPOINT 7 NNE WY US',200008,32,727
COOP:487885,'ROCKYPOINT 7 NNE WY US',200011,201,215
COOP:487885,'ROCKYPOINT 7 NNE WY US',200012,41,153
COOP:487885,'ROCKYPOINT 7 NNE WY US',200101,4,238
COOP:487885,'ROCKYPOINT 7 NNE WY US',200102,92,154
COOP:487885,'ROCKYPOINT 7 NNE WY US',200103,96,323
COOP:487885,'ROCKYPOINT 7 NNE WY US',200104,178,433
COOP:487885,'ROCKYPOINT 7 NNE WY US',200105,110,547
COOP:487885,'ROCKYPOINT 7 NNE WY US',200106,456,620
COOP:487885,'ROCKYPOINT 7 NNE WY US',200107,384,719
COOP:487885,'ROCKYPOINT 7 NNE WY US',200108,0,730
COOP:487885,'ROCKYPOINT 7 NNE WY US',200109,41,612
COOP:487885,'ROCKYPOINT 7 NNE WY US',200110,113,454
COOP:487885,'ROCKYPOINT 7 NNE WY US',200112,0,246
COOP:487885,'ROCKYPOINT 7 NNE WY US',200201,23,225
COOP:487885,'ROCKYPOINT 7 NNE WY US',200202,52,259
COOP:487885,'ROCKYPOINT 7 NNE WY US',200203,122,219
COOP:487885,'ROCKYPOINT 7 NNE WY US',200204,115,400
COOP:487885,'ROCKYPOINT 7 NNE WY US',200205,196,490
COOP:487885,'ROCKYPOINT 7 NNE WY US',200206,89,655
COOP:487885,'ROCKYPOINT 7 NNE WY US',200209,222,593
COOP:487885,'ROCKYPOINT 7 NNE WY US',200210,87,380
COOP:487885,'ROCKYPOINT 7 NNE WY US',200211,15,346
COOP:487885,'ROCKYPOINT 7 NNE WY US',200212,4,281
COOP:487885,'ROCKYPOINT 7 NNE WY US',200301,75,261
COOP:487885,'ROCKYPOINT 7 NNE WY US',200302,75,220
COOP:487885,'ROCKYPOINT 7 NNE WY US',200303,163,297
COOP:487885,'ROCKYPOINT 7 NNE WY US',200304,91,479
COOP:487885,'ROCKYPOINT 7 NNE WY US',200305,318,519
COOP:487885,'ROCKYPOINT 7 NNE WY US',200306,373,604
COOP:487885,'ROCKYPOINT 7 NNE WY US',200308,65,762
COOP:487885,'ROCKYPOINT 7 NNE WY US',200311,44,254
COOP:487885,'ROCKYPOINT 7 NNE WY US',200401,16,197
COOP:487885,'ROCKYPOINT 7 NNE WY US',200402,54,256
COOP:487885,'ROCKYPOINT 7 NNE WY US',200404,109,464
COOP:487885,'ROCKYPOINT 7 NNE WY US',200405,174,513
COOP:487885,'ROCKYPOINT 7 NNE WY US',200406,42,596
COOP:487885,'ROCKYPOINT 7 NNE WY US',200407,349,694
COOP:487885,'ROCKYPOINT 7 NNE WY US',200408,167,640
COOP:487885,'ROCKYPOINT 7 NNE WY US',200409,134,586
COOP:487885,'ROCKYPOINT 7 NNE WY US',200410,330,472
COOP:487885,'ROCKYPOINT 7 NNE WY US',200411,44,348
COOP:487885,'ROCKYPOINT 7 NNE WY US',200412,21,294
COOP:487885,'ROCKYPOINT 7 NNE WY US',200501,35,206
COOP:487885,'ROCKYPOINT 7 NNE WY US',200502,44,303
COOP:487885,'ROCKYPOINT 7 NNE WY US',200503,91,348
COOP:487885,'ROCKYPOINT 7 NNE WY US',200504,223,440
COOP:487885,'ROCKYPOINT 7 NNE WY US',200505,565,480
COOP:487885,'ROCKYPOINT 7 NNE WY US',200507,120,727
COOP:487885,'ROCKYPOINT 7 NNE WY US',200508,163,670
COOP:487885,'ROCKYPOINT 7 NNE WY US',200509,66,594
COOP:487885,'ROCKYPOINT 7 NNE WY US',200510,218,465
COOP:487885,'ROCKYPOINT 7 NNE WY US',200511,81,368
COOP:487885,'ROCKYPOINT 7 NNE WY US',200512,87,187
COOP:487885,'ROCKYPOINT 7 NNE WY US',200601,9,332
COOP:487885,'ROCKYPOINT 7 NNE WY US',200602,67,250
COOP:487885,'ROCKYPOINT 7 NNE WY US',200603,79,328
COOP:487885,'ROCKYPOINT 7 NNE WY US',200604,407,463
COOP:487885,'ROCKYPOINT 7 NNE WY US',200605,413,539
COOP:487885,'ROCKYPOINT 7 NNE WY US',200606,142,655
COOP:487885,'ROCKYPOINT 7 NNE WY US',200607,14,762
COOP:487885,'ROCKYPOINT 7 NNE WY US',200608,96,706
COOP:487885,'ROCKYPOINT 7 NNE WY US',200609,342,543
COOP:487885,'ROCKYPOINT 7 NNE WY US',200610,157,423
COOP:487885,'ROCKYPOINT 7 NNE WY US',200611,38,323
COOP:487885,'ROCKYPOINT 7 NNE WY US',200612,4,280
COOP:487885,'ROCKYPOINT 7 NNE WY US',200701,33,212
COOP:487885,'ROCKYPOINT 7 NNE WY US',200702,171,180
COOP:487885,'ROCKYPOINT 7 NNE WY US',200703,211,418
COOP:487885,'ROCKYPOINT 7 NNE WY US',200704,115,401
COOP:487885,'ROCKYPOINT 7 NNE WY US',200705,692,553
COOP:487885,'ROCKYPOINT 7 NNE WY US',200706,438,634
COOP:487885,'ROCKYPOINT 7 NNE WY US',200707,105,746
COOP:487885,'ROCKYPOINT 7 NNE WY US',200708,186,708
COOP:487885,'ROCKYPOINT 7 NNE WY US',200709,70,597
COOP:487885,'ROCKYPOINT 7 NNE WY US',200710,224,468
COOP:487885,'ROCKYPOINT 7 NNE WY US',200711,34,340
COOP:487885,'ROCKYPOINT 7 NNE WY US',200712,62,196
COOP:487885,'ROCKYPOINT 7 NNE WY US',200801,70,172
COOP:487885,'ROCKYPOINT 7 NNE WY US',200802,86,203
COOP:487885,'ROCKYPOINT 7 NNE WY US',200803,67,324
COOP:487885,'ROCKYPOINT 7 NNE WY US',200804,155,391
COOP:487885,'ROCKYPOINT 7 NNE WY US',200805,608,490
COOP:487885,'ROCKYPOINT 7 NNE WY US',200806,709,588
COOP:487885,'ROCKYPOINT 7 NNE WY US',200807,416,689
COOP:487885,'ROCKYPOINT 7 NNE WY US',200808,151,680
COOP:487885,'ROCKYPOINT 7 NNE WY US',200809,143,565
COOP:487885,'ROCKYPOINT 7 NNE WY US',200810,151,450
COOP:487885,'ROCKYPOINT 7 NNE WY US',200812,0,146
COOP:487885,'ROCKYPOINT 7 NNE WY US',200902,61,288
COOP:487885,'ROCKYPOINT 7 NNE WY US',200904,176,385
COOP:487885,'ROCKYPOINT 7 NNE WY US',200905,125,525
COOP:487885,'ROCKYPOINT 7 NNE WY US',200908,184,652
COOP:487885,'ROCKYPOINT 7 NNE WY US',201001,36,217
COOP:487885,'ROCKYPOINT 7 NNE WY US',201008,59,702
COOP:485612,'LINGLE 2 WSW WY US',200709,40,616
COOP:485612,'LINGLE 2 WSW WY US',200710,158,488
COOP:485612,'LINGLE 2 WSW WY US',200711,9,373
COOP:485612,'LINGLE 2 WSW WY US',200712,99,221
COOP:485612,'LINGLE 2 WSW WY US',200801,10,229
COOP:485612,'LINGLE 2 WSW WY US',200802,18,298
COOP:485612,'LINGLE 2 WSW WY US',200803,25,381
COOP:485612,'LINGLE 2 WSW WY US',200804,42,423
COOP:485612,'LINGLE 2 WSW WY US',200805,191,532
COOP:485612,'LINGLE 2 WSW WY US',200806,243,625
COOP:485612,'LINGLE 2 WSW WY US',200807,140,727
COOP:485612,'LINGLE 2 WSW WY US',200808,244,689
COOP:485612,'LINGLE 2 WSW WY US',200809,104,573
COOP:485612,'LINGLE 2 WSW WY US',200901,46,278
COOP:485612,'LINGLE 2 WSW WY US',200902,15,324
COOP:485612,'LINGLE 2 WSW WY US',200903,66,360
COOP:485612,'LINGLE 2 WSW WY US',200904,350,426
COOP:485612,'LINGLE 2 WSW WY US',200905,91,556
COOP:485612,'LINGLE 2 WSW WY US',200906,327,623
COOP:485612,'LINGLE 2 WSW WY US',200907,86,689
COOP:485612,'LINGLE 2 WSW WY US',200908,345,668
COOP:485612,'LINGLE 2 WSW WY US',200909,65,601
COOP:485612,'LINGLE 2 WSW WY US',200910,164,394
COOP:485612,'LINGLE 2 WSW WY US',200911,12,383
COOP:485612,'LINGLE 2 WSW WY US',200912,37,185
COOP:485612,'LINGLE 2 WSW WY US',201001,0,255
COOP:485612,'LINGLE 2 WSW WY US',201002,92,235
COOP:485612,'LINGLE 2 WSW WY US',201003,104,382
COOP:485612,'LINGLE 2 WSW WY US',201004,338,461
COOP:485612,'LINGLE 2 WSW WY US',201005,262,514
COOP:485612,'LINGLE 2 WSW WY US',201006,431,644
COOP:485612,'LINGLE 2 WSW WY US',201007,101,696
COOP:485612,'LINGLE 2 WSW WY US',201008,85,707
COOP:485612,'LINGLE 2 WSW WY US',201009,0,599
COOP:485612,'LINGLE 2 WSW WY US',201010,95,505
COOP:485612,'LINGLE 2 WSW WY US',201011,55,328
COOP:485612,'LINGLE 2 WSW WY US',201012,59,285
COOP:485612,'LINGLE 2 WSW WY US',201101,26,255
COOP:485612,'LINGLE 2 WSW WY US',201102,56,224
COOP:485612,'LINGLE 2 WSW WY US',201103,99,388
COOP:485612,'LINGLE 2 WSW WY US',201105,457,494
COOP:485612,'LINGLE 2 WSW WY US',201106,197,627
COOP:485612,'LINGLE 2 WSW WY US',201107,108,726
COOP:485612,'LINGLE 2 WSW WY US',201108,111,718
COOP:485612,'LINGLE 2 WSW WY US',201109,13,596
COOP:485612,'LINGLE 2 WSW WY US',201110,184,477
COOP:485612,'LINGLE 2 WSW WY US',201111,43,351
COOP:485612,'LINGLE 2 WSW WY US',201201,10,280
COOP:485612,'LINGLE 2 WSW WY US',201202,21,273
COOP:485612,'LINGLE 2 WSW WY US',201203,0,451
COOP:485612,'LINGLE 2 WSW WY US',201204,30,507
COOP:485612,'LINGLE 2 WSW WY US',201205,119,565
COOP:485612,'LINGLE 2 WSW WY US',201206,124,702
COOP:485612,'LINGLE 2 WSW WY US',201207,76,750
COOP:485612,'LINGLE 2 WSW WY US',201208,0,695
COOP:485612,'LINGLE 2 WSW WY US',201209,37,614
COOP:485612,'LINGLE 2 WSW WY US',201210,93,458
COOP:485612,'LINGLE 2 WSW WY US',201211,11,382
COOP:485612,'LINGLE 2 WSW WY US',201212,14,259
COOP:485612,'LINGLE 2 WSW WY US',201301,20,242
COOP:485612,'LINGLE 2 WSW WY US',201302,60,275
COOP:485612,'LINGLE 2 WSW WY US',201303,0,353
COOP:485612,'LINGLE 2 WSW WY US',201304,204,384
COOP:485612,'LINGLE 2 WSW WY US',201305,186,551
COOP:485612,'LINGLE 2 WSW WY US',201306,165,664
COOP:485612,'LINGLE 2 WSW WY US',201307,59,722
COOP:485612,'LINGLE 2 WSW WY US',201308,159,712
COOP:485612,'LINGLE 2 WSW WY US',201309,245,635
COOP:485612,'LINGLE 2 WSW WY US',201310,367,439
COOP:485612,'LINGLE 2 WSW WY US',201311,40,338
COOP:485612,'LINGLE 2 WSW WY US',201312,27,236
COOP:485612,'LINGLE 2 WSW WY US',201401,23,280
COOP:485612,'LINGLE 2 WSW WY US',201402,92,187
COOP:485612,'LINGLE 2 WSW WY US',201403,83,358
COOP:485612,'LINGLE 2 WSW WY US',201404,122,448
COOP:485612,'LINGLE 2 WSW WY US',201405,243,537
COOP:485612,'LINGLE 2 WSW WY US',201406,138,625
COOP:485612,'LINGLE 2 WSW WY US',201407,229,707
COOP:487810,'ROCHELLE 3 E WY US',200001,43,235
COOP:487810,'ROCHELLE 3 E WY US',200002,73,284
COOP:487810,'ROCHELLE 3 E WY US',200003,72,349
COOP:487810,'ROCHELLE 3 E WY US',200004,301,408
COOP:487810,'ROCHELLE 3 E WY US',200005,264,538
COOP:487810,'ROCHELLE 3 E WY US',200006,70,597
COOP:487810,'ROCHELLE 3 E WY US',200007,227,726
COOP:487810,'ROCHELLE 3 E WY US',200008,10,707
COOP:487810,'ROCHELLE 3 E WY US',200009,107,584
COOP:487810,'ROCHELLE 3 E WY US',200010,52,464
COOP:487810,'ROCHELLE 3 E WY US',200011,146,207
COOP:487810,'ROCHELLE 3 E WY US',200012,13,133
COOP:487810,'ROCHELLE 3 E WY US',200101,16,211
COOP:487810,'ROCHELLE 3 E WY US',200102,86,141
COOP:487810,'ROCHELLE 3 E WY US',200103,24,293
COOP:487810,'ROCHELLE 3 E WY US',200104,225,436
COOP:487810,'ROCHELLE 3 E WY US',200105,20,537
COOP:487810,'ROCHELLE 3 E WY US',200106,325,623
COOP:487810,'ROCHELLE 3 E WY US',200107,449,719
COOP:487810,'ROCHELLE 3 E WY US',200108,79,721
COOP:487810,'ROCHELLE 3 E WY US',200109,27,600
COOP:487810,'ROCHELLE 3 E WY US',200110,46,406
COOP:487810,'ROCHELLE 3 E WY US',200111,60,318
COOP:487810,'ROCHELLE 3 E WY US',200112,11,249
COOP:487810,'ROCHELLE 3 E WY US',200201,8,225
COOP:487810,'ROCHELLE 3 E WY US',200202,35,231
COOP:487810,'ROCHELLE 3 E WY US',200203,161,179
COOP:487847,'ROCK SPRINGS FIRE DEPARTMENT WY US',200301,10,323
COOP:487847,'ROCK SPRINGS FIRE DEPARTMENT WY US',200302,46,254
COOP:487847,'ROCK SPRINGS FIRE DEPARTMENT WY US',200303,55,370
COOP:487847,'ROCK SPRINGS FIRE DEPARTMENT WY US',200304,28,449
COOP:487847,'ROCK SPRINGS FIRE DEPARTMENT WY US',200305,147,535
COOP:487847,'ROCK SPRINGS FIRE DEPARTMENT WY US',200306,278,603
COOP:487847,'ROCK SPRINGS FIRE DEPARTMENT WY US',200307,8,729
COOP:487847,'ROCK SPRINGS FIRE DEPARTMENT WY US',200308,92,703
COOP:487847,'ROCK SPRINGS FIRE DEPARTMENT WY US',200309,49,579
COOP:487847,'ROCK SPRINGS FIRE DEPARTMENT WY US',200310,23,508
COOP:487847,'ROCK SPRINGS FIRE DEPARTMENT WY US',200311,42,270
COOP:487847,'ROCK SPRINGS FIRE DEPARTMENT WY US',200312,82,244
COOP:487847,'ROCK SPRINGS FIRE DEPARTMENT WY US',200401,12,174
COOP:487847,'ROCK SPRINGS FIRE DEPARTMENT WY US',200402,90,208
COOP:487847,'ROCK SPRINGS FIRE DEPARTMENT WY US',200403,3,389
COOP:487847,'ROCK SPRINGS FIRE DEPARTMENT WY US',200404,140,460
COOP:487847,'ROCK SPRINGS FIRE DEPARTMENT WY US',200405,86,532
COOP:487847,'ROCK SPRINGS FIRE DEPARTMENT WY US',200406,133,607
COOP:487847,'ROCK SPRINGS FIRE DEPARTMENT WY US',200407,31,681
COOP:487847,'ROCK SPRINGS FIRE DEPARTMENT WY US',200409,147,571
COOP:487847,'ROCK SPRINGS FIRE DEPARTMENT WY US',200410,226,475
COOP:487847,'ROCK SPRINGS FIRE DEPARTMENT WY US',200411,68,323
COOP:487847,'ROCK SPRINGS FIRE DEPARTMENT WY US',200412,24,283
COOP:487847,'ROCK SPRINGS FIRE DEPARTMENT WY US',200501,57,279
COOP:487847,'ROCK SPRINGS FIRE DEPARTMENT WY US',200502,38,262
COOP:487847,'ROCK SPRINGS FIRE DEPARTMENT WY US',200503,93,354
COOP:487847,'ROCK SPRINGS FIRE DEPARTMENT WY US',200504,133,435
COOP:487847,'ROCK SPRINGS FIRE DEPARTMENT WY US',200505,222,524
COOP:487847,'ROCK SPRINGS FIRE DEPARTMENT WY US',200506,56,582
COOP:487847,'ROCK SPRINGS FIRE DEPARTMENT WY US',200507,35,701
COOP:487847,'ROCK SPRINGS FIRE DEPARTMENT WY US',200508,158,658
COOP:487847,'ROCK SPRINGS FIRE DEPARTMENT WY US',200509,116,568
COOP:487847,'ROCK SPRINGS FIRE DEPARTMENT WY US',200510,84,486
COOP:487847,'ROCK SPRINGS FIRE DEPARTMENT WY US',200511,23,347
COOP:487847,'ROCK SPRINGS FIRE DEPARTMENT WY US',200512,22,228
COOP:487847,'ROCK SPRINGS FIRE DEPARTMENT WY US',200601,32,265
COOP:487847,'ROCK SPRINGS FIRE DEPARTMENT WY US',200602,48,245
COOP:487847,'ROCK SPRINGS FIRE DEPARTMENT WY US',200603,56,337
COOP:487847,'ROCK SPRINGS FIRE DEPARTMENT WY US',200604,54,458
COOP:487847,'ROCK SPRINGS FIRE DEPARTMENT WY US',200605,64,547
COOP:487847,'ROCK SPRINGS FIRE DEPARTMENT WY US',200606,62,649
COOP:487847,'ROCK SPRINGS FIRE DEPARTMENT WY US',200607,4,728
COOP:487847,'ROCK SPRINGS FIRE DEPARTMENT WY US',200608,66,666
COOP:487847,'ROCK SPRINGS FIRE DEPARTMENT WY US',200609,70,552
COOP:487847,'ROCK SPRINGS FIRE DEPARTMENT WY US',200610,153,445
COOP:487847,'ROCK SPRINGS FIRE DEPARTMENT WY US',200611,25,342
COOP:487847,'ROCK SPRINGS FIRE DEPARTMENT WY US',200612,41,232
COOP:487847,'ROCK SPRINGS FIRE DEPARTMENT WY US',200701,45,162
COOP:487847,'ROCK SPRINGS FIRE DEPARTMENT WY US',200702,25,299
COOP:487847,'ROCK SPRINGS FIRE DEPARTMENT WY US',200703,67,402
COOP:487847,'ROCK SPRINGS FIRE DEPARTMENT WY US',200704,24,451
COOP:487847,'ROCK SPRINGS FIRE DEPARTMENT WY US',200705,184,532
COOP:487847,'ROCK SPRINGS FIRE DEPARTMENT WY US',200706,36,648
COOP:487847,'ROCK SPRINGS FIRE DEPARTMENT WY US',200707,168,731
COOP:487847,'ROCK SPRINGS FIRE DEPARTMENT WY US',200708,65,693
COOP:487847,'ROCK SPRINGS FIRE DEPARTMENT WY US',200709,127,587
COOP:487847,'ROCK SPRINGS FIRE DEPARTMENT WY US',200710,99,479
COOP:487847,'ROCK SPRINGS FIRE DEPARTMENT WY US',200711,11,370
COOP:487847,'ROCK SPRINGS FIRE DEPARTMENT WY US',200712,61,218
COOP:487847,'ROCK SPRINGS FIRE DEPARTMENT WY US',200801,38,151
COOP:487847,'ROCK SPRINGS FIRE DEPARTMENT WY US',200802,82,241
COOP:487847,'ROCK SPRINGS FIRE DEPARTMENT WY US',200804,0,397
COOP:487847,'ROCK SPRINGS FIRE DEPARTMENT WY US',200805,195,504
COOP:487847,'ROCK SPRINGS FIRE DEPARTMENT WY US',200806,80,601
COOP:487847,'ROCK SPRINGS FIRE DEPARTMENT WY US',200807,0,706
COOP:487847,'ROCK SPRINGS FIRE DEPARTMENT WY US',200808,42,676
COOP:487847,'ROCK SPRINGS FIRE DEPARTMENT WY US',200809,160,562
COOP:487847,'ROCK SPRINGS FIRE DEPARTMENT WY US',200810,86,466
COOP:487847,'ROCK SPRINGS FIRE DEPARTMENT WY US',200811,8,380
COOP:487847,'ROCK SPRINGS FIRE DEPARTMENT WY US',200812,30,242
COOP:487847,'ROCK SPRINGS FIRE DEPARTMENT WY US',200901,47,276
COOP:487847,'ROCK SPRINGS FIRE DEPARTMENT WY US',200902,15,301
COOP:487847,'ROCK SPRINGS FIRE DEPARTMENT WY US',200903,42,335
COOP:487847,'ROCK SPRINGS FIRE DEPARTMENT WY US',200904,152,423
COOP:487847,'ROCK SPRINGS FIRE DEPARTMENT WY US',200905,56,539
COOP:487847,'ROCK SPRINGS FIRE DEPARTMENT WY US',200906,107,583
COOP:487847,'ROCK SPRINGS FIRE DEPARTMENT WY US',200907,29,689
COOP:487847,'ROCK SPRINGS FIRE DEPARTMENT WY US',200908,36,659
COOP:487847,'ROCK SPRINGS FIRE DEPARTMENT WY US',200909,62,612
COOP:487847,'ROCK SPRINGS FIRE DEPARTMENT WY US',200910,111,419
COOP:487847,'ROCK SPRINGS FIRE DEPARTMENT WY US',200911,11,352
COOP:487847,'ROCK SPRINGS FIRE DEPARTMENT WY US',201001,0,233
COOP:487847,'ROCK SPRINGS FIRE DEPARTMENT WY US',201002,13,267
COOP:487847,'ROCK SPRINGS FIRE DEPARTMENT WY US',201003,88,363
COOP:487847,'ROCK SPRINGS FIRE DEPARTMENT WY US',201004,150,422
COOP:487847,'ROCK SPRINGS FIRE DEPARTMENT WY US',201005,159,483
COOP:487847,'ROCK SPRINGS FIRE DEPARTMENT WY US',201006,123,613
COOP:487847,'ROCK SPRINGS FIRE DEPARTMENT WY US',201007,37,691
COOP:487847,'ROCK SPRINGS FIRE DEPARTMENT WY US',201008,33,672
COOP:487847,'ROCK SPRINGS FIRE DEPARTMENT WY US',201009,19,600
COOP:487847,'ROCK SPRINGS FIRE DEPARTMENT WY US',201010,90,493
COOP:487847,'ROCK SPRINGS FIRE DEPARTMENT WY US',201011,37,320
COOP:487847,'ROCK SPRINGS FIRE DEPARTMENT WY US',201012,169,265
COOP:487847,'ROCK SPRINGS FIRE DEPARTMENT WY US',201101,16,236
COOP:487847,'ROCK SPRINGS FIRE DEPARTMENT WY US',201102,30,217
COOP:487847,'ROCK SPRINGS FIRE DEPARTMENT WY US',201103,28,351
COOP:487847,'ROCK SPRINGS FIRE DEPARTMENT WY US',201104,98,406
COOP:487847,'ROCK SPRINGS FIRE DEPARTMENT WY US',201105,299,476
COOP:487847,'ROCK SPRINGS FIRE DEPARTMENT WY US',201106,41,598
COOP:487847,'ROCK SPRINGS FIRE DEPARTMENT WY US',201107,71,692
COOP:487847,'ROCK SPRINGS FIRE DEPARTMENT WY US',201108,46,688
COOP:487847,'ROCK SPRINGS FIRE DEPARTMENT WY US',201110,46,480
COOP:487847,'ROCK SPRINGS FIRE DEPARTMENT WY US',201111,136,303
COOP:487847,'ROCK SPRINGS FIRE DEPARTMENT WY US',201112,17,229
COOP:487847,'ROCK SPRINGS FIRE DEPARTMENT WY US',201201,20,295
COOP:487847,'ROCK SPRINGS FIRE DEPARTMENT WY US',201202,55,277
COOP:487847,'ROCK SPRINGS FIRE DEPARTMENT WY US',201203,10,400
COOP:487847,'ROCK SPRINGS FIRE DEPARTMENT WY US',201204,44,475
COOP:487847,'ROCK SPRINGS FIRE DEPARTMENT WY US',201205,45,544
COOP:487847,'ROCK SPRINGS FIRE DEPARTMENT WY US',201206,0,659
COOP:487847,'ROCK SPRINGS FIRE DEPARTMENT WY US',201207,71,716
COOP:487847,'ROCK SPRINGS FIRE DEPARTMENT WY US',201208,1,715
COOP:487847,'ROCK SPRINGS FIRE DEPARTMENT WY US',201210,56,465
COOP:487847,'ROCK SPRINGS FIRE DEPARTMENT WY US',201211,60,378
COOP:487847,'ROCK SPRINGS FIRE DEPARTMENT WY US',201212,46,225
COOP:487847,'ROCK SPRINGS FIRE DEPARTMENT WY US',201301,50,194
COOP:487847,'ROCK SPRINGS FIRE DEPARTMENT WY US',201302,50,271
COOP:487847,'ROCK SPRINGS FIRE DEPARTMENT WY US',201303,18,367
COOP:487847,'ROCK SPRINGS FIRE DEPARTMENT WY US',201304,34,404
COOP:487847,'ROCK SPRINGS FIRE DEPARTMENT WY US',201305,121,543
COOP:487847,'ROCK SPRINGS FIRE DEPARTMENT WY US',201306,0,653
COOP:487847,'ROCK SPRINGS FIRE DEPARTMENT WY US',201307,25,716
COOP:487847,'ROCK SPRINGS FIRE DEPARTMENT WY US',201308,48,695
COOP:487847,'ROCK SPRINGS FIRE DEPARTMENT WY US',201309,270,598
COOP:487847,'ROCK SPRINGS FIRE DEPARTMENT WY US',201310,236,440
COOP:487847,'ROCK SPRINGS FIRE DEPARTMENT WY US',201311,20,340
COOP:487847,'ROCK SPRINGS FIRE DEPARTMENT WY US',201312,59,219
COOP:487847,'ROCK SPRINGS FIRE DEPARTMENT WY US',201401,19,289
COOP:487847,'ROCK SPRINGS FIRE DEPARTMENT WY US',201402,24,293
COOP:487847,'ROCK SPRINGS FIRE DEPARTMENT WY US',201403,28,384
COOP:487847,'ROCK SPRINGS FIRE DEPARTMENT WY US',201404,49,438
COOP:487847,'ROCK SPRINGS FIRE DEPARTMENT WY US',201405,32,545
COOP:487847,'ROCK SPRINGS FIRE DEPARTMENT WY US',201406,38,615
COOP:487847,'ROCK SPRINGS FIRE DEPARTMENT WY US',201407,101,705
COOP:487845,'ROCK SPRINGS SWEETWATER CO AIRPORT WY US',200001,24,249
COOP:487845,'ROCK SPRINGS SWEETWATER CO AIRPORT WY US',200002,91,297
COOP:487845,'ROCK SPRINGS SWEETWATER CO AIRPORT WY US',200003,71,332
COOP:487845,'ROCK SPRINGS SWEETWATER CO AIRPORT WY US',200004,42,449
COOP:487845,'ROCK SPRINGS SWEETWATER CO AIRPORT WY US',200005,76,537
COOP:487845,'ROCK SPRINGS SWEETWATER CO AIRPORT WY US',200006,59,615
COOP:487845,'ROCK SPRINGS SWEETWATER CO AIRPORT WY US',200007,4,702
COOP:487845,'ROCK SPRINGS SWEETWATER CO AIRPORT WY US',200008,61,694
COOP:487845,'ROCK SPRINGS SWEETWATER CO AIRPORT WY US',200009,191,530
COOP:487845,'ROCK SPRINGS SWEETWATER CO AIRPORT WY US',200010,79,440
COOP:487845,'ROCK SPRINGS SWEETWATER CO AIRPORT WY US',200011,18,211
COOP:487845,'ROCK SPRINGS SWEETWATER CO AIRPORT WY US',200012,31,211
COOP:487845,'ROCK SPRINGS SWEETWATER CO AIRPORT WY US',200101,18,202
COOP:487845,'ROCK SPRINGS SWEETWATER CO AIRPORT WY US',200102,79,205
COOP:487845,'ROCK SPRINGS SWEETWATER CO AIRPORT WY US',200103,27,339
COOP:487845,'ROCK SPRINGS SWEETWATER CO AIRPORT WY US',200104,115,421
COOP:487845,'ROCK SPRINGS SWEETWATER CO AIRPORT WY US',200105,56,536
COOP:487845,'ROCK SPRINGS SWEETWATER CO AIRPORT WY US',200106,40,626
COOP:487845,'ROCK SPRINGS SWEETWATER CO AIRPORT WY US',200107,45,712
COOP:487845,'ROCK SPRINGS SWEETWATER CO AIRPORT WY US',200108,76,692
COOP:487845,'ROCK SPRINGS SWEETWATER CO AIRPORT WY US',200109,24,608
COOP:487845,'ROCK SPRINGS SWEETWATER CO AIRPORT WY US',200110,23,460
COOP:487845,'ROCK SPRINGS SWEETWATER CO AIRPORT WY US',200111,43,328
COOP:487845,'ROCK SPRINGS SWEETWATER CO AIRPORT WY US',200112,10,185
COOP:487845,'ROCK SPRINGS SWEETWATER CO AIRPORT WY US',200201,6,203
COOP:487845,'ROCK SPRINGS SWEETWATER CO AIRPORT WY US',200202,1,232
COOP:487845,'ROCK SPRINGS SWEETWATER CO AIRPORT WY US',200203,86,284
COOP:487845,'ROCK SPRINGS SWEETWATER CO AIRPORT WY US',200204,68,428
COOP:487845,'ROCK SPRINGS SWEETWATER CO AIRPORT WY US',200205,21,511
COOP:487845,'ROCK SPRINGS SWEETWATER CO AIRPORT WY US',200206,8,639
COOP:487845,'ROCK SPRINGS SWEETWATER CO AIRPORT WY US',200207,55,730
COOP:487845,'ROCK SPRINGS SWEETWATER CO AIRPORT WY US',200208,18,665
COOP:487845,'ROCK SPRINGS SWEETWATER CO AIRPORT WY US',200209,91,571
COOP:487845,'ROCK SPRINGS SWEETWATER CO AIRPORT WY US',200210,67,398
COOP:487845,'ROCK SPRINGS SWEETWATER CO AIRPORT WY US',200211,44,293
COOP:487845,'ROCK SPRINGS SWEETWATER CO AIRPORT WY US',200212,32,259
COOP:487845,'ROCK SPRINGS SWEETWATER CO AIRPORT WY US',200301,6,307
COOP:487845,'ROCK SPRINGS SWEETWATER CO AIRPORT WY US',200302,9,234
COOP:487845,'ROCK SPRINGS SWEETWATER CO AIRPORT WY US',200303,29,349
COOP:487845,'ROCK SPRINGS SWEETWATER CO AIRPORT WY US',200304,27,434
COOP:487845,'ROCK SPRINGS SWEETWATER CO AIRPORT WY US',200305,90,526
COOP:487845,'ROCK SPRINGS SWEETWATER CO AIRPORT WY US',200306,220,591
COOP:487845,'ROCK SPRINGS SWEETWATER CO AIRPORT WY US',200307,1,741
COOP:487845,'ROCK SPRINGS SWEETWATER CO AIRPORT WY US',200308,55,707
COOP:487845,'ROCK SPRINGS SWEETWATER CO AIRPORT WY US',200309,71,571
COOP:487845,'ROCK SPRINGS SWEETWATER CO AIRPORT WY US',200310,29,500
COOP:487845,'ROCK SPRINGS SWEETWATER CO AIRPORT WY US',200311,18,250
COOP:487845,'ROCK SPRINGS SWEETWATER CO AIRPORT WY US',200312,71,228
COOP:487845,'ROCK SPRINGS SWEETWATER CO AIRPORT WY US',200401,2,160
COOP:487845,'ROCK SPRINGS SWEETWATER CO AIRPORT WY US',200402,55,176
COOP:487845,'ROCK SPRINGS SWEETWATER CO AIRPORT WY US',200403,7,368
COOP:487845,'ROCK SPRINGS SWEETWATER CO AIRPORT WY US',200404,97,435
COOP:487845,'ROCK SPRINGS SWEETWATER CO AIRPORT WY US',200405,50,521
COOP:487845,'ROCK SPRINGS SWEETWATER CO AIRPORT WY US',200406,128,597
COOP:487845,'ROCK SPRINGS SWEETWATER CO AIRPORT WY US',200407,35,679
COOP:487845,'ROCK SPRINGS SWEETWATER CO AIRPORT WY US',200408,92,642
COOP:487845,'ROCK SPRINGS SWEETWATER CO AIRPORT WY US',200409,155,560
COOP:487845,'ROCK SPRINGS SWEETWATER CO AIRPORT WY US',200410,238,449
COOP:487845,'ROCK SPRINGS SWEETWATER CO AIRPORT WY US',200411,48,306
COOP:487845,'ROCK SPRINGS SWEETWATER CO AIRPORT WY US',200412,7,273
COOP:487845,'ROCK SPRINGS SWEETWATER CO AIRPORT WY US',200501,84,272
COOP:487845,'ROCK SPRINGS SWEETWATER CO AIRPORT WY US',200502,15,240
COOP:487845,'ROCK SPRINGS SWEETWATER CO AIRPORT WY US',200503,43,326
COOP:487845,'ROCK SPRINGS SWEETWATER CO AIRPORT WY US',200504,122,411
COOP:487845,'ROCK SPRINGS SWEETWATER CO AIRPORT WY US',200505,186,499
COOP:487845,'ROCK SPRINGS SWEETWATER CO AIRPORT WY US',200506,70,579
COOP:487845,'ROCK SPRINGS SWEETWATER CO AIRPORT WY US',200507,11,707
COOP:487845,'ROCK SPRINGS SWEETWATER CO AIRPORT WY US',200508,107,653
COOP:487845,'ROCK SPRINGS SWEETWATER CO AIRPORT WY US',200509,107,562
COOP:487845,'ROCK SPRINGS SWEETWATER CO AIRPORT WY US',200510,105,469
COOP:487845,'ROCK SPRINGS SWEETWATER CO AIRPORT WY US',200511,23,333
COOP:487845,'ROCK SPRINGS SWEETWATER CO AIRPORT WY US',200512,13,207
COOP:487845,'ROCK SPRINGS SWEETWATER CO AIRPORT WY US',200601,38,243
COOP:487845,'ROCK SPRINGS SWEETWATER CO AIRPORT WY US',200602,22,214
COOP:487845,'ROCK SPRINGS SWEETWATER CO AIRPORT WY US',200603,44,310
COOP:487845,'ROCK SPRINGS SWEETWATER CO AIRPORT WY US',200604,43,439
COOP:487845,'ROCK SPRINGS SWEETWATER CO AIRPORT WY US',200605,88,530
COOP:487845,'ROCK SPRINGS SWEETWATER CO AIRPORT WY US',200606,61,651
COOP:487845,'ROCK SPRINGS SWEETWATER CO AIRPORT WY US',200607,6,727
COOP:487845,'ROCK SPRINGS SWEETWATER CO AIRPORT WY US',200608,77,665
COOP:487845,'ROCK SPRINGS SWEETWATER CO AIRPORT WY US',200609,55,540
COOP:487845,'ROCK SPRINGS SWEETWATER CO AIRPORT WY US',200610,149,416
COOP:487845,'ROCK SPRINGS SWEETWATER CO AIRPORT WY US',200611,29,317
COOP:487845,'ROCK SPRINGS SWEETWATER CO AIRPORT WY US',200612,24,218
COOP:487845,'ROCK SPRINGS SWEETWATER CO AIRPORT WY US',200701,24,130
COOP:487845,'ROCK SPRINGS SWEETWATER CO AIRPORT WY US',200702,29,274
COOP:487845,'ROCK SPRINGS SWEETWATER CO AIRPORT WY US',200703,41,384
COOP:487845,'ROCK SPRINGS SWEETWATER CO AIRPORT WY US',200704,26,432
COOP:487845,'ROCK SPRINGS SWEETWATER CO AIRPORT WY US',200705,105,521
COOP:487845,'ROCK SPRINGS SWEETWATER CO AIRPORT WY US',200706,23,646
COOP:487845,'ROCK SPRINGS SWEETWATER CO AIRPORT WY US',200707,82,737
COOP:487845,'ROCK SPRINGS SWEETWATER CO AIRPORT WY US',200708,173,692
COOP:487845,'ROCK SPRINGS SWEETWATER CO AIRPORT WY US',200709,91,572
COOP:487845,'ROCK SPRINGS SWEETWATER CO AIRPORT WY US',200710,71,479
COOP:487845,'ROCK SPRINGS SWEETWATER CO AIRPORT WY US',200711,3,354
COOP:487845,'ROCK SPRINGS SWEETWATER CO AIRPORT WY US',200712,44,181
COOP:487845,'ROCK SPRINGS SWEETWATER CO AIRPORT WY US',200801,16,131
COOP:487845,'ROCK SPRINGS SWEETWATER CO AIRPORT WY US',200802,60,219
COOP:487845,'ROCK SPRINGS SWEETWATER CO AIRPORT WY US',200803,43,279
COOP:487845,'ROCK SPRINGS SWEETWATER CO AIRPORT WY US',200804,19,370
COOP:487845,'ROCK SPRINGS SWEETWATER CO AIRPORT WY US',200805,143,481
COOP:487845,'ROCK SPRINGS SWEETWATER CO AIRPORT WY US',200806,69,592
COOP:487845,'ROCK SPRINGS SWEETWATER CO AIRPORT WY US',200807,0,712
COOP:487845,'ROCK SPRINGS SWEETWATER CO AIRPORT WY US',200808,26,671
COOP:487845,'ROCK SPRINGS SWEETWATER CO AIRPORT WY US',200809,132,551
COOP:487845,'ROCK SPRINGS SWEETWATER CO AIRPORT WY US',200810,75,445
COOP:487845,'ROCK SPRINGS SWEETWATER CO AIRPORT WY US',200811,19,359
COOP:487845,'ROCK SPRINGS SWEETWATER CO AIRPORT WY US',200812,1,219
COOP:487845,'ROCK SPRINGS SWEETWATER CO AIRPORT WY US',200901,32,249
COOP:487845,'ROCK SPRINGS SWEETWATER CO AIRPORT WY US',200902,14,272
COOP:487845,'ROCK SPRINGS SWEETWATER CO AIRPORT WY US',200903,59,323
COOP:487845,'ROCK SPRINGS SWEETWATER CO AIRPORT WY US',200904,166,396
COOP:487845,'ROCK SPRINGS SWEETWATER CO AIRPORT WY US',200905,101,524
COOP:487845,'ROCK SPRINGS SWEETWATER CO AIRPORT WY US',200906,120,572
COOP:487845,'ROCK SPRINGS SWEETWATER CO AIRPORT WY US',200907,54,677
COOP:487845,'ROCK SPRINGS SWEETWATER CO AIRPORT WY US',200908,83,652
COOP:487845,'ROCK SPRINGS SWEETWATER CO AIRPORT WY US',200909,51,601
COOP:487845,'ROCK SPRINGS SWEETWATER CO AIRPORT WY US',200910,91,376
COOP:487845,'ROCK SPRINGS SWEETWATER CO AIRPORT WY US',200911,20,337
COOP:487845,'ROCK SPRINGS SWEETWATER CO AIRPORT WY US',200912,15,153
COOP:487845,'ROCK SPRINGS SWEETWATER CO AIRPORT WY US',201001,4,214
COOP:487845,'ROCK SPRINGS SWEETWATER CO AIRPORT WY US',201002,7,235
COOP:487845,'ROCK SPRINGS SWEETWATER CO AIRPORT WY US',201003,49,337
COOP:487845,'ROCK SPRINGS SWEETWATER CO AIRPORT WY US',201004,129,395
COOP:487845,'ROCK SPRINGS SWEETWATER CO AIRPORT WY US',201005,118,447
COOP:487845,'ROCK SPRINGS SWEETWATER CO AIRPORT WY US',201006,111,599
COOP:487845,'ROCK SPRINGS SWEETWATER CO AIRPORT WY US',201007,68,687
COOP:487845,'ROCK SPRINGS SWEETWATER CO AIRPORT WY US',201008,37,660
COOP:487845,'ROCK SPRINGS SWEETWATER CO AIRPORT WY US',201009,13,597
COOP:487845,'ROCK SPRINGS SWEETWATER CO AIRPORT WY US',201010,50,480
COOP:487845,'ROCK SPRINGS SWEETWATER CO AIRPORT WY US',201011,21,293
COOP:487845,'ROCK SPRINGS SWEETWATER CO AIRPORT WY US',201012,107,241
COOP:487845,'ROCK SPRINGS SWEETWATER CO AIRPORT WY US',201102,27,207
COOP:487845,'ROCK SPRINGS SWEETWATER CO AIRPORT WY US',201103,42,330
COOP:487845,'ROCK SPRINGS SWEETWATER CO AIRPORT WY US',201104,130,383
COOP:487845,'ROCK SPRINGS SWEETWATER CO AIRPORT WY US',201105,244,459
COOP:487845,'ROCK SPRINGS SWEETWATER CO AIRPORT WY US',201106,81,593
COOP:487845,'ROCK SPRINGS SWEETWATER CO AIRPORT WY US',201107,66,693
COOP:487845,'ROCK SPRINGS SWEETWATER CO AIRPORT WY US',201108,39,703
COOP:487845,'ROCK SPRINGS SWEETWATER CO AIRPORT WY US',201109,17,603
COOP:487845,'ROCK SPRINGS SWEETWATER CO AIRPORT WY US',201110,64,479
COOP:487845,'ROCK SPRINGS SWEETWATER CO AIRPORT WY US',201111,146,279
COOP:487845,'ROCK SPRINGS SWEETWATER CO AIRPORT WY US',201112,11,220
COOP:487845,'ROCK SPRINGS SWEETWATER CO AIRPORT WY US',201201,21,278
COOP:487845,'ROCK SPRINGS SWEETWATER CO AIRPORT WY US',201202,35,255
COOP:487845,'ROCK SPRINGS SWEETWATER CO AIRPORT WY US',201203,8,404
COOP:487845,'ROCK SPRINGS SWEETWATER CO AIRPORT WY US',201204,54,462
COOP:487845,'ROCK SPRINGS SWEETWATER CO AIRPORT WY US',201205,21,538
COOP:487845,'ROCK SPRINGS SWEETWATER CO AIRPORT WY US',201206,0,659
COOP:487845,'ROCK SPRINGS SWEETWATER CO AIRPORT WY US',201207,129,720
COOP:487845,'ROCK SPRINGS SWEETWATER CO AIRPORT WY US',201208,1,712
COOP:487845,'ROCK SPRINGS SWEETWATER CO AIRPORT WY US',201209,1,608
COOP:487845,'ROCK SPRINGS SWEETWATER CO AIRPORT WY US',201210,7,448
COOP:487845,'ROCK SPRINGS SWEETWATER CO AIRPORT WY US',201211,17,371
COOP:487845,'ROCK SPRINGS SWEETWATER CO AIRPORT WY US',201212,20,213
COOP:487845,'ROCK SPRINGS SWEETWATER CO AIRPORT WY US',201302,32,250
COOP:487845,'ROCK SPRINGS SWEETWATER CO AIRPORT WY US',201303,19,352
COOP:487845,'ROCK SPRINGS SWEETWATER CO AIRPORT WY US',201304,37,375
COOP:487845,'ROCK SPRINGS SWEETWATER CO AIRPORT WY US',201305,56,528
COOP:487845,'ROCK SPRINGS SWEETWATER CO AIRPORT WY US',201306,0,658
COOP:487845,'ROCK SPRINGS SWEETWATER CO AIRPORT WY US',201307,21,719
COOP:487845,'ROCK SPRINGS SWEETWATER CO AIRPORT WY US',201308,50,698
COOP:487845,'ROCK SPRINGS SWEETWATER CO AIRPORT WY US',201309,137,586
COOP:487845,'ROCK SPRINGS SWEETWATER CO AIRPORT WY US',201310,86,418
COOP:487845,'ROCK SPRINGS SWEETWATER CO AIRPORT WY US',201311,3,325
COOP:487845,'ROCK SPRINGS SWEETWATER CO AIRPORT WY US',201312,18,192
COOP:487845,'ROCK SPRINGS SWEETWATER CO AIRPORT WY US',201401,7,264
COOP:487845,'ROCK SPRINGS SWEETWATER CO AIRPORT WY US',201402,8,269
COOP:487845,'ROCK SPRINGS SWEETWATER CO AIRPORT WY US',201403,43,361
COOP:487845,'ROCK SPRINGS SWEETWATER CO AIRPORT WY US',201404,24,429
COOP:487845,'ROCK SPRINGS SWEETWATER CO AIRPORT WY US',201405,49,537
COOP:487845,'ROCK SPRINGS SWEETWATER CO AIRPORT WY US',201406,28,604
COOP:487845,'ROCK SPRINGS SWEETWATER CO AIRPORT WY US',201407,36,710
COOP:487836,'ROCK RIVER 13 NNW WY US',200612,84,206
COOP:487836,'ROCK RIVER 13 NNW WY US',200701,60,111
COOP:487836,'ROCK RIVER 13 NNW WY US',200702,3,265
COOP:487836,'ROCK RIVER 13 NNW WY US',200703,136,368
COOP:487836,'ROCK RIVER 13 NNW WY US',200704,83,409
COOP:487836,'ROCK RIVER 13 NNW WY US',200705,306,507
COOP:487836,'ROCK RIVER 13 NNW WY US',200706,59,598
COOP:487836,'ROCK RIVER 13 NNW WY US',200707,91,688
COOP:487836,'ROCK RIVER 13 NNW WY US',200708,215,668
COOP:487836,'ROCK RIVER 13 NNW WY US',200709,152,568
COOP:487836,'ROCK RIVER 13 NNW WY US',200710,92,450
COOP:487836,'ROCK RIVER 13 NNW WY US',200711,15,344
COOP:487836,'ROCK RIVER 13 NNW WY US',200712,142,171
COOP:487836,'ROCK RIVER 13 NNW WY US',200801,80,153
COOP:487836,'ROCK RIVER 13 NNW WY US',200802,42,215
COOP:487836,'ROCK RIVER 13 NNW WY US',200805,331,477
COOP:487836,'ROCK RIVER 13 NNW WY US',200806,64,573
COOP:487836,'ROCK RIVER 13 NNW WY US',200807,59,668
COOP:487836,'ROCK RIVER 13 NNW WY US',200809,133,526
COOP:487836,'ROCK RIVER 13 NNW WY US',200811,37,358
COOP:487836,'ROCK RIVER 13 NNW WY US',200812,72,219
COOP:487836,'ROCK RIVER 13 NNW WY US',200901,119,247
COOP:487836,'ROCK RIVER 13 NNW WY US',200902,23,267
COOP:487836,'ROCK RIVER 13 NNW WY US',200903,42,330
COOP:487836,'ROCK RIVER 13 NNW WY US',200904,197,388
COOP:487836,'ROCK RIVER 13 NNW WY US',200905,79,510
COOP:487836,'ROCK RIVER 13 NNW WY US',200906,285,567
COOP:487836,'ROCK RIVER 13 NNW WY US',200907,178,639
COOP:487836,'ROCK RIVER 13 NNW WY US',200908,95,615
COOP:487836,'ROCK RIVER 13 NNW WY US',200909,47,561
COOP:487836,'ROCK RIVER 13 NNW WY US',200910,315,369
COOP:487836,'ROCK RIVER 13 NNW WY US',200911,39,335
COOP:487836,'ROCK RIVER 13 NNW WY US',200912,17,154
COOP:487836,'ROCK RIVER 13 NNW WY US',201001,38,206
COOP:487836,'ROCK RIVER 13 NNW WY US',201002,30,215
COOP:487836,'ROCK RIVER 13 NNW WY US',201003,243,322
COOP:487836,'ROCK RIVER 13 NNW WY US',201004,80,398
COOP:487836,'ROCK RIVER 13 NNW WY US',201005,194,461
COOP:487836,'ROCK RIVER 13 NNW WY US',201006,344,588
COOP:487836,'ROCK RIVER 13 NNW WY US',201007,183,652
COOP:487836,'ROCK RIVER 13 NNW WY US',201008,86,643
COOP:487836,'ROCK RIVER 13 NNW WY US',201009,15,575
COOP:487836,'ROCK RIVER 13 NNW WY US',201010,53,470
COOP:487836,'ROCK RIVER 13 NNW WY US',201108,51,659
COOP:487836,'ROCK RIVER 13 NNW WY US',201109,39,551
COOP:487836,'ROCK RIVER 13 NNW WY US',201110,202,439
COOP:487836,'ROCK RIVER 13 NNW WY US',201111,64,284
COOP:487836,'ROCK RIVER 13 NNW WY US',201112,24,155
COOP:487836,'ROCK RIVER 13 NNW WY US',201202,32,188
COOP:487836,'ROCK RIVER 13 NNW WY US',201203,0,388
COOP:487836,'ROCK RIVER 13 NNW WY US',201204,11,439
COOP:487836,'ROCK RIVER 13 NNW WY US',201206,0,641
COOP:487836,'ROCK RIVER 13 NNW WY US',201208,86,649
COOP:487836,'ROCK RIVER 13 NNW WY US',201209,22,552
COOP:487836,'ROCK RIVER 13 NNW WY US',201210,93,407
COOP:487836,'ROCK RIVER 13 NNW WY US',201211,28,360
COOP:487836,'ROCK RIVER 13 NNW WY US',201212,26,210
COOP:487836,'ROCK RIVER 13 NNW WY US',201301,0,167
COOP:487836,'ROCK RIVER 13 NNW WY US',201303,7,315
COOP:487836,'ROCK RIVER 13 NNW WY US',201304,202,332
COOP:487836,'ROCK RIVER 13 NNW WY US',201306,7,619
COOP:487836,'ROCK RIVER 13 NNW WY US',201308,80,648
COOP:487836,'ROCK RIVER 13 NNW WY US',201309,274,573
COOP:487836,'ROCK RIVER 13 NNW WY US',201310,197,391
COOP:487836,'ROCK RIVER 13 NNW WY US',201311,37,301
COOP:487836,'ROCK RIVER 13 NNW WY US',201312,49,175
COOP:487836,'ROCK RIVER 13 NNW WY US',201401,13,223
COOP:487836,'ROCK RIVER 13 NNW WY US',201402,69,209
COOP:487836,'ROCK RIVER 13 NNW WY US',201403,103,334
COOP:487836,'ROCK RIVER 13 NNW WY US',201404,74,400
COOP:487836,'ROCK RIVER 13 NNW WY US',201405,237,487
COOP:487836,'ROCK RIVER 13 NNW WY US',201406,49,574
COOP:487836,'ROCK RIVER 13 NNW WY US',201407,463,660
COOP:481547,'CARPENTER 3 N WY US',200001,24,308
COOP:481547,'CARPENTER 3 N WY US',200002,37,364
COOP:481547,'CARPENTER 3 N WY US',200003,92,389
COOP:481547,'CARPENTER 3 N WY US',200004,86,478
COOP:481547,'CARPENTER 3 N WY US',200005,305,586
COOP:481547,'CARPENTER 3 N WY US',200006,62,644
COOP:481547,'CARPENTER 3 N WY US',200007,77,732
COOP:481547,'CARPENTER 3 N WY US',200008,72,723
COOP:481547,'CARPENTER 3 N WY US',200009,198,612
COOP:481547,'CARPENTER 3 N WY US',200010,36,491
COOP:481547,'CARPENTER 3 N WY US',200011,54,269
COOP:481547,'CARPENTER 3 N WY US',200012,41,263
COOP:481547,'CARPENTER 3 N WY US',200101,30,284
COOP:481547,'CARPENTER 3 N WY US',200102,27,272
COOP:481547,'CARPENTER 3 N WY US',200103,65,371
COOP:481547,'CARPENTER 3 N WY US',200104,205,477
COOP:481547,'CARPENTER 3 N WY US',200105,284,542
COOP:481547,'CARPENTER 3 N WY US',200106,148,659
COOP:481547,'CARPENTER 3 N WY US',200107,244,733
COOP:481547,'CARPENTER 3 N WY US',200108,106,703
COOP:481547,'CARPENTER 3 N WY US',200109,160,629
COOP:481547,'CARPENTER 3 N WY US',200110,92,484
COOP:481547,'CARPENTER 3 N WY US',200111,55,399
COOP:481547,'CARPENTER 3 N WY US',200112,4,300
COOP:481547,'CARPENTER 3 N WY US',200201,12,285
COOP:481547,'CARPENTER 3 N WY US',200202,47,307
COOP:481547,'CARPENTER 3 N WY US',200203,44,321
COOP:481547,'CARPENTER 3 N WY US',200204,52,487
COOP:481547,'CARPENTER 3 N WY US',200205,66,545
COOP:481547,'CARPENTER 3 N WY US',200206,82,700
COOP:481547,'CARPENTER 3 N WY US',200207,121,748
COOP:481547,'CARPENTER 3 N WY US',200208,425,693
COOP:481547,'CARPENTER 3 N WY US',200209,90,603
COOP:481547,'CARPENTER 3 N WY US',200210,108,417
COOP:481547,'CARPENTER 3 N WY US',200211,26,353
COOP:481547,'CARPENTER 3 N WY US',200212,3,326
COOP:481547,'CARPENTER 3 N WY US',200301,12,359
COOP:481547,'CARPENTER 3 N WY US',200302,37,273
COOP:481547,'CARPENTER 3 N WY US',200303,184,391
COOP:481547,'CARPENTER 3 N WY US',200304,219,479
COOP:481547,'CARPENTER 3 N WY US',200305,299,552
COOP:481547,'CARPENTER 3 N WY US',200306,290,604
COOP:481547,'CARPENTER 3 N WY US',200307,178,752
COOP:481547,'CARPENTER 3 N WY US',200308,99,713
COOP:481547,'CARPENTER 3 N WY US',200309,78,584
COOP:481547,'CARPENTER 3 N WY US',200310,19,534
COOP:481547,'CARPENTER 3 N WY US',200311,37,345
COOP:481547,'CARPENTER 3 N WY US',200312,25,314
COOP:481547,'CARPENTER 3 N WY US',200401,30,311
COOP:481547,'CARPENTER 3 N WY US',200402,60,293
COOP:481547,'CARPENTER 3 N WY US',200403,43,441
COOP:481547,'CARPENTER 3 N WY US',200404,105,471
COOP:481547,'CARPENTER 3 N WY US',200405,134,571
COOP:481547,'CARPENTER 3 N WY US',200406,174,620
COOP:481547,'CARPENTER 3 N WY US',200407,176,691
COOP:481547,'CARPENTER 3 N WY US',200408,176,663
COOP:481547,'CARPENTER 3 N WY US',200409,188,608
COOP:481547,'CARPENTER 3 N WY US',200410,59,497
COOP:481547,'CARPENTER 3 N WY US',200411,80,352
COOP:481547,'CARPENTER 3 N WY US',200412,11,321
COOP:481547,'CARPENTER 3 N WY US',200501,28,309
COOP:481547,'CARPENTER 3 N WY US',200502,16,344
COOP:481547,'CARPENTER 3 N WY US',200503,18,383
COOP:481547,'CARPENTER 3 N WY US',200504,121,454
COOP:481547,'CARPENTER 3 N WY US',200505,159,544
COOP:481547,'CARPENTER 3 N WY US',200506,372,646
COOP:481547,'CARPENTER 3 N WY US',200508,55,661
COOP:481547,'CARPENTER 3 N WY US',200509,12,608
COOP:481547,'CARPENTER 3 N WY US',200510,183,473
COOP:481547,'CARPENTER 3 N WY US',200511,21,394
COOP:481547,'CARPENTER 3 N WY US',200512,0,245
COOP:481547,'CARPENTER 3 N WY US',200601,7,333
COOP:481547,'CARPENTER 3 N WY US',200602,0,241
COOP:481547,'CARPENTER 3 N WY US',200603,0,321
COOP:481547,'CARPENTER 3 N WY US',200604,93,472
COOP:481547,'CARPENTER 3 N WY US',200605,127,552
COOP:481547,'CARPENTER 3 N WY US',200606,72,673
COOP:481547,'CARPENTER 3 N WY US',200607,112,720
COOP:481547,'CARPENTER 3 N WY US',200608,177,627
COOP:481547,'CARPENTER 3 N WY US',200609,152,535
COOP:482242,'DANIEL FISH HATCHERY WY US',200001,158,126
COOP:482242,'DANIEL FISH HATCHERY WY US',200002,129,162
COOP:482242,'DANIEL FISH HATCHERY WY US',200003,71,200
COOP:482242,'DANIEL FISH HATCHERY WY US',200004,37,372
COOP:482242,'DANIEL FISH HATCHERY WY US',200005,140,453
COOP:482242,'DANIEL FISH HATCHERY WY US',200006,55,518
COOP:482242,'DANIEL FISH HATCHERY WY US',200007,93,589
COOP:482242,'DANIEL FISH HATCHERY WY US',200008,174,583
COOP:482242,'DANIEL FISH HATCHERY WY US',200009,80,455
COOP:482242,'DANIEL FISH HATCHERY WY US',200010,112,357
COOP:482242,'DANIEL FISH HATCHERY WY US',200011,56,175
COOP:482242,'DANIEL FISH HATCHERY WY US',200012,63,121
COOP:482242,'DANIEL FISH HATCHERY WY US',200101,18,94
COOP:482242,'DANIEL FISH HATCHERY WY US',200102,62,117
COOP:482242,'DANIEL FISH HATCHERY WY US',200103,58,241
COOP:482242,'DANIEL FISH HATCHERY WY US',200104,34,348
COOP:482242,'DANIEL FISH HATCHERY WY US',200105,24,459
COOP:482242,'DANIEL FISH HATCHERY WY US',200106,30,520
COOP:482242,'DANIEL FISH HATCHERY WY US',200107,119,598
COOP:482242,'DANIEL FISH HATCHERY WY US',200108,65,592
COOP:482242,'DANIEL FISH HATCHERY WY US',200109,103,500
COOP:482242,'DANIEL FISH HATCHERY WY US',200110,57,361
COOP:482242,'DANIEL FISH HATCHERY WY US',200111,82,281
COOP:482242,'DANIEL FISH HATCHERY WY US',200112,138,67
COOP:482242,'DANIEL FISH HATCHERY WY US',200201,26,56
COOP:482242,'DANIEL FISH HATCHERY WY US',200202,17,94
COOP:482242,'DANIEL FISH HATCHERY WY US',200203,82,173
COOP:482242,'DANIEL FISH HATCHERY WY US',200204,86,356
COOP:482242,'DANIEL FISH HATCHERY WY US',200205,165,424
COOP:482242,'DANIEL FISH HATCHERY WY US',200206,14,527
COOP:482242,'DANIEL FISH HATCHERY WY US',200207,90,609
COOP:482242,'DANIEL FISH HATCHERY WY US',200208,42,538
COOP:482242,'DANIEL FISH HATCHERY WY US',200209,116,481
COOP:482242,'DANIEL FISH HATCHERY WY US',200210,107,329
COOP:482242,'DANIEL FISH HATCHERY WY US',200211,60,215
COOP:482242,'DANIEL FISH HATCHERY WY US',200212,34,164
COOP:482242,'DANIEL FISH HATCHERY WY US',200301,43,197
COOP:482242,'DANIEL FISH HATCHERY WY US',200302,56,127
COOP:482242,'DANIEL FISH HATCHERY WY US',200303,87,264
COOP:482242,'DANIEL FISH HATCHERY WY US',200304,21,362
COOP:482242,'DANIEL FISH HATCHERY WY US',200305,60,438
COOP:482242,'DANIEL FISH HATCHERY WY US',200306,101,507
COOP:482242,'DANIEL FISH HATCHERY WY US',200307,39,615
COOP:482242,'DANIEL FISH HATCHERY WY US',200308,185,588
COOP:482242,'DANIEL FISH HATCHERY WY US',200309,86,470
COOP:482242,'DANIEL FISH HATCHERY WY US',200310,56,402
COOP:482242,'DANIEL FISH HATCHERY WY US',200311,85,133
COOP:482242,'DANIEL FISH HATCHERY WY US',200312,91,148
COOP:482242,'DANIEL FISH HATCHERY WY US',200401,46,75
COOP:482242,'DANIEL FISH HATCHERY WY US',200402,108,83
COOP:482242,'DANIEL FISH HATCHERY WY US',200403,7,238
COOP:482242,'DANIEL FISH HATCHERY WY US',200404,66,380
COOP:482242,'DANIEL FISH HATCHERY WY US',200405,168,430
COOP:482242,'DANIEL FISH HATCHERY WY US',200406,220,513
COOP:482242,'DANIEL FISH HATCHERY WY US',200407,56,578
COOP:482242,'DANIEL FISH HATCHERY WY US',200408,169,541
COOP:482242,'DANIEL FISH HATCHERY WY US',200409,215,458
COOP:482242,'DANIEL FISH HATCHERY WY US',200410,122,376
COOP:482242,'DANIEL FISH HATCHERY WY US',200411,47,252
COOP:482242,'DANIEL FISH HATCHERY WY US',200412,82,162
COOP:482242,'DANIEL FISH HATCHERY WY US',200501,114,137
COOP:482242,'DANIEL FISH HATCHERY WY US',200502,55,109
COOP:482242,'DANIEL FISH HATCHERY WY US',200503,121,227
COOP:482242,'DANIEL FISH HATCHERY WY US',200504,97,327
COOP:482242,'DANIEL FISH HATCHERY WY US',200505,277,438
COOP:482242,'DANIEL FISH HATCHERY WY US',200506,143,492
COOP:482242,'DANIEL FISH HATCHERY WY US',200507,25,595
COOP:482242,'DANIEL FISH HATCHERY WY US',200508,163,552
COOP:482242,'DANIEL FISH HATCHERY WY US',200509,67,460
COOP:482242,'DANIEL FISH HATCHERY WY US',200510,51,383
COOP:482242,'DANIEL FISH HATCHERY WY US',200511,85,261
COOP:482242,'DANIEL FISH HATCHERY WY US',200512,113,110
COOP:482242,'DANIEL FISH HATCHERY WY US',200601,88,112
COOP:482242,'DANIEL FISH HATCHERY WY US',200602,72,93
COOP:482242,'DANIEL FISH HATCHERY WY US',200603,43,169
COOP:482242,'DANIEL FISH HATCHERY WY US',200604,51,364
COOP:482242,'DANIEL FISH HATCHERY WY US',200605,72,450
COOP:482242,'DANIEL FISH HATCHERY WY US',200606,41,542
COOP:482242,'DANIEL FISH HATCHERY WY US',200607,83,624
COOP:482242,'DANIEL FISH HATCHERY WY US',200608,81,551
COOP:482242,'DANIEL FISH HATCHERY WY US',200609,111,460
COOP:482242,'DANIEL FISH HATCHERY WY US',200610,137,363
COOP:482242,'DANIEL FISH HATCHERY WY US',200611,102,210
COOP:482242,'DANIEL FISH HATCHERY WY US',200612,74,120
COOP:482242,'DANIEL FISH HATCHERY WY US',200701,46,60
COOP:482242,'DANIEL FISH HATCHERY WY US',200702,39,150
COOP:482242,'DANIEL FISH HATCHERY WY US',200703,55,272
COOP:482242,'DANIEL FISH HATCHERY WY US',200704,79,363
COOP:482242,'DANIEL FISH HATCHERY WY US',200705,18,446
COOP:482242,'DANIEL FISH HATCHERY WY US',200706,28,541
COOP:482242,'DANIEL FISH HATCHERY WY US',200707,112,636
COOP:482242,'DANIEL FISH HATCHERY WY US',200708,147,580
COOP:482242,'DANIEL FISH HATCHERY WY US',200709,169,478
COOP:482242,'DANIEL FISH HATCHERY WY US',200710,105,375
COOP:482242,'DANIEL FISH HATCHERY WY US',200711,16,269
COOP:482242,'DANIEL FISH HATCHERY WY US',200712,91,97
COOP:482242,'DANIEL FISH HATCHERY WY US',200801,90,33
COOP:482242,'DANIEL FISH HATCHERY WY US',200802,105,115
COOP:482242,'DANIEL FISH HATCHERY WY US',200803,59,169
COOP:482242,'DANIEL FISH HATCHERY WY US',200804,19,247
COOP:482242,'DANIEL FISH HATCHERY WY US',200805,219,412
COOP:482242,'DANIEL FISH HATCHERY WY US',200806,26,497
COOP:482242,'DANIEL FISH HATCHERY WY US',200807,16,588
COOP:482242,'DANIEL FISH HATCHERY WY US',200808,77,563
COOP:482242,'DANIEL FISH HATCHERY WY US',200809,184,461
COOP:482242,'DANIEL FISH HATCHERY WY US',200810,149,367
COOP:482242,'DANIEL FISH HATCHERY WY US',200811,44,298
COOP:482242,'DANIEL FISH HATCHERY WY US',200812,83,121
COOP:482242,'DANIEL FISH HATCHERY WY US',200901,77,136
COOP:482242,'DANIEL FISH HATCHERY WY US',200902,47,121
COOP:482242,'DANIEL FISH HATCHERY WY US',200903,55,205
COOP:482242,'DANIEL FISH HATCHERY WY US',200904,134,334
COOP:482242,'DANIEL FISH HATCHERY WY US',200905,62,447
COOP:482242,'DANIEL FISH HATCHERY WY US',200906,566,504
COOP:482242,'DANIEL FISH HATCHERY WY US',200907,33,559
COOP:482242,'DANIEL FISH HATCHERY WY US',200908,74,531
COOP:482242,'DANIEL FISH HATCHERY WY US',200909,56,510
COOP:482242,'DANIEL FISH HATCHERY WY US',200910,134,289
COOP:482242,'DANIEL FISH HATCHERY WY US',200911,4,249
COOP:482242,'DANIEL FISH HATCHERY WY US',200912,51,73
COOP:482242,'DANIEL FISH HATCHERY WY US',201001,97,111
COOP:482242,'DANIEL FISH HATCHERY WY US',201002,20,114
COOP:482242,'DANIEL FISH HATCHERY WY US',201003,48,253
COOP:482242,'DANIEL FISH HATCHERY WY US',201004,140,330
COOP:482242,'DANIEL FISH HATCHERY WY US',201005,98,371
COOP:482242,'DANIEL FISH HATCHERY WY US',201006,115,514
COOP:482242,'DANIEL FISH HATCHERY WY US',201007,30,581
COOP:482242,'DANIEL FISH HATCHERY WY US',201008,145,559
COOP:482242,'DANIEL FISH HATCHERY WY US',201009,5,484
COOP:482242,'DANIEL FISH HATCHERY WY US',201010,66,405
COOP:482242,'DANIEL FISH HATCHERY WY US',201011,62,228
COOP:482242,'DANIEL FISH HATCHERY WY US',201012,152,147
COOP:482242,'DANIEL FISH HATCHERY WY US',201101,52,108
COOP:482242,'DANIEL FISH HATCHERY WY US',201102,107,79
COOP:482242,'DANIEL FISH HATCHERY WY US',201103,144,160
COOP:482242,'DANIEL FISH HATCHERY WY US',201104,98,293
COOP:482242,'DANIEL FISH HATCHERY WY US',201105,220,391
COOP:482242,'DANIEL FISH HATCHERY WY US',201106,91,487
COOP:482242,'DANIEL FISH HATCHERY WY US',201107,92,589
COOP:482242,'DANIEL FISH HATCHERY WY US',201108,120,581
COOP:482242,'DANIEL FISH HATCHERY WY US',201109,24,495
COOP:482242,'DANIEL FISH HATCHERY WY US',201110,132,382
COOP:482242,'DANIEL FISH HATCHERY WY US',201111,49,190
COOP:482242,'DANIEL FISH HATCHERY WY US',201112,54,130
COOP:482242,'DANIEL FISH HATCHERY WY US',201201,118,140
COOP:482242,'DANIEL FISH HATCHERY WY US',201202,57,89
COOP:482242,'DANIEL FISH HATCHERY WY US',201203,42,257
COOP:482242,'DANIEL FISH HATCHERY WY US',201204,53,382
COOP:482242,'DANIEL FISH HATCHERY WY US',201205,117,428
COOP:482242,'DANIEL FISH HATCHERY WY US',201206,1,529
COOP:482242,'DANIEL FISH HATCHERY WY US',201207,123,610
COOP:482242,'DANIEL FISH HATCHERY WY US',201208,0,590
COOP:482242,'DANIEL FISH HATCHERY WY US',201209,47,500
COOP:482242,'DANIEL FISH HATCHERY WY US',201210,69,364
COOP:482242,'DANIEL FISH HATCHERY WY US',201211,28,277
COOP:482242,'DANIEL FISH HATCHERY WY US',201212,106,119
COOP:482242,'DANIEL FISH HATCHERY WY US',201301,36,94
COOP:482242,'DANIEL FISH HATCHERY WY US',201302,52,129
COOP:482242,'DANIEL FISH HATCHERY WY US',201303,45,211
COOP:482242,'DANIEL FISH HATCHERY WY US',201304,129,313
COOP:482242,'DANIEL FISH HATCHERY WY US',201305,129,447
COOP:482242,'DANIEL FISH HATCHERY WY US',201306,8,540
COOP:482242,'DANIEL FISH HATCHERY WY US',201307,119,610
COOP:482242,'DANIEL FISH HATCHERY WY US',201308,119,585
COOP:482242,'DANIEL FISH HATCHERY WY US',201309,359,494
COOP:482242,'DANIEL FISH HATCHERY WY US',201310,107,351
COOP:482242,'DANIEL FISH HATCHERY WY US',201311,22,254
COOP:482242,'DANIEL FISH HATCHERY WY US',201312,45,104
COOP:482242,'DANIEL FISH HATCHERY WY US',201401,64,173
COOP:482242,'DANIEL FISH HATCHERY WY US',201402,229,114
COOP:482242,'DANIEL FISH HATCHERY WY US',201403,62,199
COOP:482242,'DANIEL FISH HATCHERY WY US',201404,119,295
COOP:482242,'DANIEL FISH HATCHERY WY US',201405,78,448
COOP:482242,'DANIEL FISH HATCHERY WY US',201406,89,496
COOP:482242,'DANIEL FISH HATCHERY WY US',201407,96,592
COOP:480027,'AFTON WY US',200001,180,220
COOP:480027,'AFTON WY US',200002,132,240
COOP:480027,'AFTON WY US',200003,112,266
COOP:480027,'AFTON WY US',200006,77,562
COOP:480027,'AFTON WY US',200008,145,657
COOP:480027,'AFTON WY US',200009,75,517
COOP:480027,'AFTON WY US',200010,134,414
COOP:480027,'AFTON WY US',200011,125,185
COOP:480027,'AFTON WY US',200101,35,85
COOP:480027,'AFTON WY US',200102,63,192
COOP:480027,'AFTON WY US',200103,73,299
COOP:480027,'AFTON WY US',200104,85,394
COOP:480027,'AFTON WY US',200105,72,494
COOP:480027,'AFTON WY US',200106,115,545
COOP:480027,'AFTON WY US',200107,161,649
COOP:480027,'AFTON WY US',200108,48,656
COOP:480027,'AFTON WY US',200109,51,560
COOP:480027,'AFTON WY US',200110,101,419
COOP:480027,'AFTON WY US',200111,175,340
COOP:480027,'AFTON WY US',200201,126,152
COOP:480027,'AFTON WY US',200202,47,113
COOP:480027,'AFTON WY US',200203,165,233
COOP:480027,'AFTON WY US',200204,150,405
COOP:480027,'AFTON WY US',200205,172,470
COOP:480027,'AFTON WY US',200206,66,569
COOP:480027,'AFTON WY US',200207,196,662
COOP:480027,'AFTON WY US',200208,3,605
COOP:480027,'AFTON WY US',200209,237,544
COOP:480027,'AFTON WY US',200210,148,396
COOP:480027,'AFTON WY US',200211,129,250
COOP:480027,'AFTON WY US',200212,120,217
COOP:480027,'AFTON WY US',200301,118,208
COOP:480027,'AFTON WY US',200302,169,143
COOP:480027,'AFTON WY US',200304,49,413
COOP:480027,'AFTON WY US',200309,212,523
COOP:480027,'AFTON WY US',200310,36,457
COOP:480027,'AFTON WY US',200402,95,188
COOP:480027,'AFTON WY US',200403,48,324
COOP:480027,'AFTON WY US',200404,74,438
COOP:480027,'AFTON WY US',200406,497,559
COOP:480027,'AFTON WY US',200407,96,621
COOP:480027,'AFTON WY US',200408,201,601
COOP:480027,'AFTON WY US',200409,197,510
COOP:480027,'AFTON WY US',200412,82,209
COOP:480027,'AFTON WY US',200502,58,114
COOP:480027,'AFTON WY US',200503,161,265
COOP:480027,'AFTON WY US',200504,93,383
COOP:480027,'AFTON WY US',200506,275,533
COOP:480027,'AFTON WY US',200508,233,611
COOP:480027,'AFTON WY US',200611,149,295
COOP:480027,'AFTON WY US',200612,138,169
COOP:480027,'AFTON WY US',200701,37,77
COOP:480027,'AFTON WY US',200702,109,233
COOP:480027,'AFTON WY US',200703,107,329
COOP:480027,'AFTON WY US',200704,131,395
COOP:480027,'AFTON WY US',200706,160,582
COOP:480027,'AFTON WY US',200707,158,678
COOP:480027,'AFTON WY US',200708,155,643
COOP:480027,'AFTON WY US',200710,286,431
COOP:480027,'AFTON WY US',200711,53,338
COOP:480027,'AFTON WY US',200712,121,203
COOP:480027,'AFTON WY US',200801,115,144
COOP:480027,'AFTON WY US',200802,126,225
COOP:480027,'AFTON WY US',200803,157,267
COOP:480027,'AFTON WY US',200805,384,473
COOP:480027,'AFTON WY US',200806,138,553
COOP:480027,'AFTON WY US',200807,0,653
COOP:480027,'AFTON WY US',200808,135,639
COOP:480027,'AFTON WY US',200809,87,535
COOP:480027,'AFTON WY US',200810,145,427
COOP:480027,'AFTON WY US',200812,111,220
COOP:480027,'AFTON WY US',200901,241,194
COOP:480027,'AFTON WY US',200902,97,185
COOP:480027,'AFTON WY US',200903,85,306
COOP:480027,'AFTON WY US',200904,187,386
COOP:480027,'AFTON WY US',200905,229,505
COOP:480027,'AFTON WY US',200906,552,556
COOP:480027,'AFTON WY US',200907,77,639
COOP:480027,'AFTON WY US',200908,65,616
COOP:480027,'AFTON WY US',200909,92,585
COOP:480027,'AFTON WY US',200910,189,397
COOP:480027,'AFTON WY US',200911,47,326
COOP:480027,'AFTON WY US',201001,85,182
COOP:480027,'AFTON WY US',201002,70,181
COOP:480027,'AFTON WY US',201003,128,286
COOP:480027,'AFTON WY US',201004,293,397
COOP:480027,'AFTON WY US',201110,148,426
COOP:480027,'AFTON WY US',201111,109,243
COOP:480027,'AFTON WY US',201112,73,99
COOP:480027,'AFTON WY US',201202,140,166
COOP:480027,'AFTON WY US',201203,87,298
COOP:480027,'AFTON WY US',201204,169,419
COOP:480027,'AFTON WY US',201205,211,472
COOP:480027,'AFTON WY US',201206,1,568
COOP:480027,'AFTON WY US',201207,179,646
COOP:480027,'AFTON WY US',201208,3,645
COOP:480027,'AFTON WY US',201209,48,551
COOP:480027,'AFTON WY US',201210,150,409
COOP:480027,'AFTON WY US',201211,140,330
COOP:480027,'AFTON WY US',201212,213,204
COOP:480027,'AFTON WY US',201301,84,110
COOP:480027,'AFTON WY US',201302,68,202
COOP:480027,'AFTON WY US',201303,130,277
COOP:480027,'AFTON WY US',201304,200,350
COOP:480027,'AFTON WY US',201305,243,480
COOP:480027,'AFTON WY US',201306,10,569
COOP:480027,'AFTON WY US',201307,153,650
COOP:480027,'AFTON WY US',201309,281,540
COOP:480027,'AFTON WY US',201310,298,384
COOP:480027,'AFTON WY US',201312,93,128
COOP:480027,'AFTON WY US',201401,115,154
COOP:480027,'AFTON WY US',201402,240,247
COOP:480027,'AFTON WY US',201403,153,317
COOP:480027,'AFTON WY US',201404,161,359
COOP:480027,'AFTON WY US',201405,72,483
COOP:480027,'AFTON WY US',201406,138,535
COOP:480027,'AFTON WY US',201407,46,640
COOP:481570,'CASPER NATRONA CO INTERNATIONAL AIRPORT WY US',200001,46,273
COOP:481570,'CASPER NATRONA CO INTERNATIONAL AIRPORT WY US',200002,54,338
COOP:481570,'CASPER NATRONA CO INTERNATIONAL AIRPORT WY US',200003,58,368
COOP:481570,'CASPER NATRONA CO INTERNATIONAL AIRPORT WY US',200004,118,444
COOP:481570,'CASPER NATRONA CO INTERNATIONAL AIRPORT WY US',200005,332,549
COOP:481570,'CASPER NATRONA CO INTERNATIONAL AIRPORT WY US',200006,86,612
COOP:481570,'CASPER NATRONA CO INTERNATIONAL AIRPORT WY US',200007,22,727
COOP:481570,'CASPER NATRONA CO INTERNATIONAL AIRPORT WY US',200008,95,724
COOP:481570,'CASPER NATRONA CO INTERNATIONAL AIRPORT WY US',200009,165,572
COOP:481570,'CASPER NATRONA CO INTERNATIONAL AIRPORT WY US',200010,38,459
COOP:481570,'CASPER NATRONA CO INTERNATIONAL AIRPORT WY US',200011,20,212
COOP:481570,'CASPER NATRONA CO INTERNATIONAL AIRPORT WY US',200012,36,199
COOP:481570,'CASPER NATRONA CO INTERNATIONAL AIRPORT WY US',200101,31,246
COOP:481570,'CASPER NATRONA CO INTERNATIONAL AIRPORT WY US',200102,38,218
COOP:481570,'CASPER NATRONA CO INTERNATIONAL AIRPORT WY US',200103,18,352
COOP:481570,'CASPER NATRONA CO INTERNATIONAL AIRPORT WY US',200104,107,450
COOP:481570,'CASPER NATRONA CO INTERNATIONAL AIRPORT WY US',200105,63,549
COOP:481570,'CASPER NATRONA CO INTERNATIONAL AIRPORT WY US',200106,29,650
COOP:481570,'CASPER NATRONA CO INTERNATIONAL AIRPORT WY US',200107,119,738
COOP:481570,'CASPER NATRONA CO INTERNATIONAL AIRPORT WY US',200108,31,721
COOP:481570,'CASPER NATRONA CO INTERNATIONAL AIRPORT WY US',200109,109,613
COOP:481570,'CASPER NATRONA CO INTERNATIONAL AIRPORT WY US',200110,42,457
COOP:481570,'CASPER NATRONA CO INTERNATIONAL AIRPORT WY US',200111,76,387
COOP:481570,'CASPER NATRONA CO INTERNATIONAL AIRPORT WY US',200112,13,253
COOP:481570,'CASPER NATRONA CO INTERNATIONAL AIRPORT WY US',200201,4,240
COOP:481570,'CASPER NATRONA CO INTERNATIONAL AIRPORT WY US',200202,17,267
COOP:481570,'CASPER NATRONA CO INTERNATIONAL AIRPORT WY US',200203,64,258
COOP:481570,'CASPER NATRONA CO INTERNATIONAL AIRPORT WY US',200204,77,428
COOP:481570,'CASPER NATRONA CO INTERNATIONAL AIRPORT WY US',200205,115,503
COOP:481570,'CASPER NATRONA CO INTERNATIONAL AIRPORT WY US',200206,51,654
COOP:481570,'CASPER NATRONA CO INTERNATIONAL AIRPORT WY US',200207,107,736
COOP:481570,'CASPER NATRONA CO INTERNATIONAL AIRPORT WY US',200208,53,666
COOP:481570,'CASPER NATRONA CO INTERNATIONAL AIRPORT WY US',200209,112,586
COOP:481570,'CASPER NATRONA CO INTERNATIONAL AIRPORT WY US',200210,59,383
COOP:481570,'CASPER NATRONA CO INTERNATIONAL AIRPORT WY US',200211,24,330
COOP:481570,'CASPER NATRONA CO INTERNATIONAL AIRPORT WY US',200212,19,285
COOP:481570,'CASPER NATRONA CO INTERNATIONAL AIRPORT WY US',200301,10,312
COOP:481570,'CASPER NATRONA CO INTERNATIONAL AIRPORT WY US',200302,51,222
COOP:481570,'CASPER NATRONA CO INTERNATIONAL AIRPORT WY US',200303,97,354
COOP:481570,'CASPER NATRONA CO INTERNATIONAL AIRPORT WY US',200304,154,455
COOP:481570,'CASPER NATRONA CO INTERNATIONAL AIRPORT WY US',200305,51,533
COOP:481570,'CASPER NATRONA CO INTERNATIONAL AIRPORT WY US',200306,469,595
COOP:481570,'CASPER NATRONA CO INTERNATIONAL AIRPORT WY US',200307,40,733
COOP:481570,'CASPER NATRONA CO INTERNATIONAL AIRPORT WY US',200308,168,724
COOP:481570,'CASPER NATRONA CO INTERNATIONAL AIRPORT WY US',200309,138,553
COOP:481570,'CASPER NATRONA CO INTERNATIONAL AIRPORT WY US',200310,60,490
COOP:481570,'CASPER NATRONA CO INTERNATIONAL AIRPORT WY US',200311,30,296
COOP:481570,'CASPER NATRONA CO INTERNATIONAL AIRPORT WY US',200312,39,290
COOP:481570,'CASPER NATRONA CO INTERNATIONAL AIRPORT WY US',200401,3,280
COOP:481570,'CASPER NATRONA CO INTERNATIONAL AIRPORT WY US',200402,64,270
COOP:481570,'CASPER NATRONA CO INTERNATIONAL AIRPORT WY US',200403,12,374
COOP:481570,'CASPER NATRONA CO INTERNATIONAL AIRPORT WY US',200404,117,440
COOP:481570,'CASPER NATRONA CO INTERNATIONAL AIRPORT WY US',200405,107,533
COOP:481570,'CASPER NATRONA CO INTERNATIONAL AIRPORT WY US',200406,54,601
COOP:481570,'CASPER NATRONA CO INTERNATIONAL AIRPORT WY US',200407,258,683
COOP:481570,'CASPER NATRONA CO INTERNATIONAL AIRPORT WY US',200408,44,645
COOP:481570,'CASPER NATRONA CO INTERNATIONAL AIRPORT WY US',200409,175,586
COOP:481570,'CASPER NATRONA CO INTERNATIONAL AIRPORT WY US',200410,87,470
COOP:481570,'CASPER NATRONA CO INTERNATIONAL AIRPORT WY US',200411,58,330
COOP:481570,'CASPER NATRONA CO INTERNATIONAL AIRPORT WY US',200412,7,298
COOP:481570,'CASPER NATRONA CO INTERNATIONAL AIRPORT WY US',200501,15,282
COOP:481570,'CASPER NATRONA CO INTERNATIONAL AIRPORT WY US',200502,13,322
COOP:481570,'CASPER NATRONA CO INTERNATIONAL AIRPORT WY US',200503,83,360
COOP:481570,'CASPER NATRONA CO INTERNATIONAL AIRPORT WY US',200504,104,424
COOP:481570,'CASPER NATRONA CO INTERNATIONAL AIRPORT WY US',200505,263,507
COOP:481570,'CASPER NATRONA CO INTERNATIONAL AIRPORT WY US',200506,41,619
COOP:481570,'CASPER NATRONA CO INTERNATIONAL AIRPORT WY US',200507,132,727
COOP:481570,'CASPER NATRONA CO INTERNATIONAL AIRPORT WY US',200508,224,663
COOP:481570,'CASPER NATRONA CO INTERNATIONAL AIRPORT WY US',200509,23,611
COOP:481570,'CASPER NATRONA CO INTERNATIONAL AIRPORT WY US',200510,118,483
COOP:481570,'CASPER NATRONA CO INTERNATIONAL AIRPORT WY US',200511,56,377
COOP:481570,'CASPER NATRONA CO INTERNATIONAL AIRPORT WY US',200512,29,247
COOP:481570,'CASPER NATRONA CO INTERNATIONAL AIRPORT WY US',200601,73,309
COOP:481570,'CASPER NATRONA CO INTERNATIONAL AIRPORT WY US',200602,66,235
COOP:481570,'CASPER NATRONA CO INTERNATIONAL AIRPORT WY US',200603,76,342
COOP:481570,'CASPER NATRONA CO INTERNATIONAL AIRPORT WY US',200604,103,466
COOP:481570,'CASPER NATRONA CO INTERNATIONAL AIRPORT WY US',200605,94,544
COOP:481570,'CASPER NATRONA CO INTERNATIONAL AIRPORT WY US',200606,68,677
COOP:481570,'CASPER NATRONA CO INTERNATIONAL AIRPORT WY US',200607,82,753
COOP:481570,'CASPER NATRONA CO INTERNATIONAL AIRPORT WY US',200608,145,698
COOP:481570,'CASPER NATRONA CO INTERNATIONAL AIRPORT WY US',200609,140,545
COOP:481570,'CASPER NATRONA CO INTERNATIONAL AIRPORT WY US',200610,94,444
COOP:481570,'CASPER NATRONA CO INTERNATIONAL AIRPORT WY US',200611,84,360
COOP:481570,'CASPER NATRONA CO INTERNATIONAL AIRPORT WY US',200612,57,272
COOP:481570,'CASPER NATRONA CO INTERNATIONAL AIRPORT WY US',200701,52,193
COOP:481570,'CASPER NATRONA CO INTERNATIONAL AIRPORT WY US',200702,26,282
COOP:481570,'CASPER NATRONA CO INTERNATIONAL AIRPORT WY US',200703,136,406
COOP:481570,'CASPER NATRONA CO INTERNATIONAL AIRPORT WY US',200704,37,427
COOP:481570,'CASPER NATRONA CO INTERNATIONAL AIRPORT WY US',200705,286,538
COOP:481570,'CASPER NATRONA CO INTERNATIONAL AIRPORT WY US',200706,72,640
COOP:481570,'CASPER NATRONA CO INTERNATIONAL AIRPORT WY US',200707,354,748
COOP:481570,'CASPER NATRONA CO INTERNATIONAL AIRPORT WY US',200708,257,706
COOP:481570,'CASPER NATRONA CO INTERNATIONAL AIRPORT WY US',200709,71,592
COOP:481570,'CASPER NATRONA CO INTERNATIONAL AIRPORT WY US',200710,108,475
COOP:481570,'CASPER NATRONA CO INTERNATIONAL AIRPORT WY US',200711,5,356
COOP:481570,'CASPER NATRONA CO INTERNATIONAL AIRPORT WY US',200712,74,209
COOP:481570,'CASPER NATRONA CO INTERNATIONAL AIRPORT WY US',200801,30,205
COOP:481570,'CASPER NATRONA CO INTERNATIONAL AIRPORT WY US',200802,37,278
COOP:481570,'CASPER NATRONA CO INTERNATIONAL AIRPORT WY US',200803,69,323
COOP:481570,'CASPER NATRONA CO INTERNATIONAL AIRPORT WY US',200804,127,397
COOP:481570,'CASPER NATRONA CO INTERNATIONAL AIRPORT WY US',200805,426,497
COOP:481570,'CASPER NATRONA CO INTERNATIONAL AIRPORT WY US',200806,57,593
COOP:481570,'CASPER NATRONA CO INTERNATIONAL AIRPORT WY US',200807,66,716
COOP:481570,'CASPER NATRONA CO INTERNATIONAL AIRPORT WY US',200808,72,683
COOP:481570,'CASPER NATRONA CO INTERNATIONAL AIRPORT WY US',200809,74,558
COOP:481570,'CASPER NATRONA CO INTERNATIONAL AIRPORT WY US',200810,158,449
COOP:481570,'CASPER NATRONA CO INTERNATIONAL AIRPORT WY US',200811,36,388
COOP:481570,'CASPER NATRONA CO INTERNATIONAL AIRPORT WY US',200812,38,200
COOP:481570,'CASPER NATRONA CO INTERNATIONAL AIRPORT WY US',200901,108,258
COOP:481570,'CASPER NATRONA CO INTERNATIONAL AIRPORT WY US',200902,28,316
COOP:481570,'CASPER NATRONA CO INTERNATIONAL AIRPORT WY US',200903,100,332
COOP:481570,'CASPER NATRONA CO INTERNATIONAL AIRPORT WY US',200904,205,400
COOP:481570,'CASPER NATRONA CO INTERNATIONAL AIRPORT WY US',200905,43,529
COOP:481570,'CASPER NATRONA CO INTERNATIONAL AIRPORT WY US',200906,223,595
COOP:481570,'CASPER NATRONA CO INTERNATIONAL AIRPORT WY US',200907,345,667
COOP:481570,'CASPER NATRONA CO INTERNATIONAL AIRPORT WY US',200908,134,654
COOP:481570,'CASPER NATRONA CO INTERNATIONAL AIRPORT WY US',200909,162,593
COOP:481570,'CASPER NATRONA CO INTERNATIONAL AIRPORT WY US',200910,127,370
COOP:481570,'CASPER NATRONA CO INTERNATIONAL AIRPORT WY US',200911,5,384
COOP:481570,'CASPER NATRONA CO INTERNATIONAL AIRPORT WY US',200912,97,157
COOP:481570,'CASPER NATRONA CO INTERNATIONAL AIRPORT WY US',201001,9,265
COOP:481570,'CASPER NATRONA CO INTERNATIONAL AIRPORT WY US',201002,53,240
COOP:481570,'CASPER NATRONA CO INTERNATIONAL AIRPORT WY US',201003,157,380
COOP:481570,'CASPER NATRONA CO INTERNATIONAL AIRPORT WY US',201004,111,412
COOP:481570,'CASPER NATRONA CO INTERNATIONAL AIRPORT WY US',201005,248,465
COOP:481570,'CASPER NATRONA CO INTERNATIONAL AIRPORT WY US',201006,244,611
COOP:481570,'CASPER NATRONA CO INTERNATIONAL AIRPORT WY US',201007,95,692
COOP:481570,'CASPER NATRONA CO INTERNATIONAL AIRPORT WY US',201008,40,703
COOP:481570,'CASPER NATRONA CO INTERNATIONAL AIRPORT WY US',201009,28,600
COOP:481570,'CASPER NATRONA CO INTERNATIONAL AIRPORT WY US',201010,56,503
COOP:481570,'CASPER NATRONA CO INTERNATIONAL AIRPORT WY US',201011,85,314
COOP:481570,'CASPER NATRONA CO INTERNATIONAL AIRPORT WY US',201012,136,270
COOP:481570,'CASPER NATRONA CO INTERNATIONAL AIRPORT WY US',201102,86,207
COOP:481570,'CASPER NATRONA CO INTERNATIONAL AIRPORT WY US',201103,46,371
COOP:481570,'CASPER NATRONA CO INTERNATIONAL AIRPORT WY US',201104,137,414
COOP:481570,'CASPER NATRONA CO INTERNATIONAL AIRPORT WY US',201105,337,476
COOP:481570,'CASPER NATRONA CO INTERNATIONAL AIRPORT WY US',201106,155,605
COOP:481570,'CASPER NATRONA CO INTERNATIONAL AIRPORT WY US',201107,152,731
COOP:481570,'CASPER NATRONA CO INTERNATIONAL AIRPORT WY US',201108,23,717
COOP:481570,'CASPER NATRONA CO INTERNATIONAL AIRPORT WY US',201109,10,600
COOP:481570,'CASPER NATRONA CO INTERNATIONAL AIRPORT WY US',201110,144,486
COOP:481570,'CASPER NATRONA CO INTERNATIONAL AIRPORT WY US',201112,71,240
COOP:481570,'CASPER NATRONA CO INTERNATIONAL AIRPORT WY US',201201,67,280
COOP:481570,'CASPER NATRONA CO INTERNATIONAL AIRPORT WY US',201202,88,252
COOP:481570,'CASPER NATRONA CO INTERNATIONAL AIRPORT WY US',201203,33,441
COOP:481570,'CASPER NATRONA CO INTERNATIONAL AIRPORT WY US',201204,101,471
COOP:481570,'CASPER NATRONA CO INTERNATIONAL AIRPORT WY US',201205,175,539
COOP:481570,'CASPER NATRONA CO INTERNATIONAL AIRPORT WY US',201206,28,679
COOP:481570,'CASPER NATRONA CO INTERNATIONAL AIRPORT WY US',201207,101,752
COOP:481570,'CASPER NATRONA CO INTERNATIONAL AIRPORT WY US',201208,20,707
COOP:481570,'CASPER NATRONA CO INTERNATIONAL AIRPORT WY US',201209,31,612
COOP:481570,'CASPER NATRONA CO INTERNATIONAL AIRPORT WY US',201210,56,448
COOP:481570,'CASPER NATRONA CO INTERNATIONAL AIRPORT WY US',201211,49,394
COOP:481570,'CASPER NATRONA CO INTERNATIONAL AIRPORT WY US',201212,39,264
COOP:481570,'CASPER NATRONA CO INTERNATIONAL AIRPORT WY US',201301,27,252
COOP:481570,'CASPER NATRONA CO INTERNATIONAL AIRPORT WY US',201302,50,256
COOP:481570,'CASPER NATRONA CO INTERNATIONAL AIRPORT WY US',201303,85,338
COOP:481570,'CASPER NATRONA CO INTERNATIONAL AIRPORT WY US',201304,254,363
COOP:481570,'CASPER NATRONA CO INTERNATIONAL AIRPORT WY US',201305,181,542
COOP:481570,'CASPER NATRONA CO INTERNATIONAL AIRPORT WY US',201306,87,652
COOP:481570,'CASPER NATRONA CO INTERNATIONAL AIRPORT WY US',201307,166,721
COOP:481570,'CASPER NATRONA CO INTERNATIONAL AIRPORT WY US',201308,70,718
COOP:481570,'CASPER NATRONA CO INTERNATIONAL AIRPORT WY US',201309,147,618
COOP:481570,'CASPER NATRONA CO INTERNATIONAL AIRPORT WY US',201310,303,415
COOP:481570,'CASPER NATRONA CO INTERNATIONAL AIRPORT WY US',201311,24,329
COOP:481570,'CASPER NATRONA CO INTERNATIONAL AIRPORT WY US',201312,120,203
COOP:481570,'CASPER NATRONA CO INTERNATIONAL AIRPORT WY US',201401,74,240
COOP:481570,'CASPER NATRONA CO INTERNATIONAL AIRPORT WY US',201402,74,190
COOP:481570,'CASPER NATRONA CO INTERNATIONAL AIRPORT WY US',201403,164,354
COOP:481570,'CASPER NATRONA CO INTERNATIONAL AIRPORT WY US',201404,114,427
COOP:481570,'CASPER NATRONA CO INTERNATIONAL AIRPORT WY US',201405,49,528
COOP:481570,'CASPER NATRONA CO INTERNATIONAL AIRPORT WY US',201406,135,601
COOP:481570,'CASPER NATRONA CO INTERNATIONAL AIRPORT WY US',201407,117,703
COOP:481569,'CASPER WASTE WATER TREATMENT PLANT WY US',200101,29,254
COOP:481569,'CASPER WASTE WATER TREATMENT PLANT WY US',200102,80,234
COOP:481569,'CASPER WASTE WATER TREATMENT PLANT WY US',200103,43,362
COOP:481569,'CASPER WASTE WATER TREATMENT PLANT WY US',200104,102,459
COOP:481569,'CASPER WASTE WATER TREATMENT PLANT WY US',200105,105,562
COOP:481569,'CASPER WASTE WATER TREATMENT PLANT WY US',200106,25,665
COOP:481569,'CASPER WASTE WATER TREATMENT PLANT WY US',200107,215,753
COOP:481569,'CASPER WASTE WATER TREATMENT PLANT WY US',200108,40,736
COOP:481569,'CASPER WASTE WATER TREATMENT PLANT WY US',200109,103,631
COOP:481569,'CASPER WASTE WATER TREATMENT PLANT WY US',200110,78,478
COOP:481569,'CASPER WASTE WATER TREATMENT PLANT WY US',200111,98,390
COOP:481569,'CASPER WASTE WATER TREATMENT PLANT WY US',200112,12,288
COOP:481569,'CASPER WASTE WATER TREATMENT PLANT WY US',200201,16,270
COOP:481569,'CASPER WASTE WATER TREATMENT PLANT WY US',200202,26,300
COOP:481569,'CASPER WASTE WATER TREATMENT PLANT WY US',200203,138,272
COOP:481569,'CASPER WASTE WATER TREATMENT PLANT WY US',200204,135,449
COOP:481569,'CASPER WASTE WATER TREATMENT PLANT WY US',200205,147,525
COOP:481569,'CASPER WASTE WATER TREATMENT PLANT WY US',200206,10,675
COOP:481569,'CASPER WASTE WATER TREATMENT PLANT WY US',200207,120,751
COOP:481569,'CASPER WASTE WATER TREATMENT PLANT WY US',200208,24,679
COOP:481569,'CASPER WASTE WATER TREATMENT PLANT WY US',200209,151,603
COOP:481569,'CASPER WASTE WATER TREATMENT PLANT WY US',200211,35,356
COOP:481569,'CASPER WASTE WATER TREATMENT PLANT WY US',200212,21,315
COOP:481569,'CASPER WASTE WATER TREATMENT PLANT WY US',200301,41,344
COOP:481569,'CASPER WASTE WATER TREATMENT PLANT WY US',200303,196,365
COOP:481569,'CASPER WASTE WATER TREATMENT PLANT WY US',200304,162,490
COOP:481569,'CASPER WASTE WATER TREATMENT PLANT WY US',200305,65,551
COOP:481569,'CASPER WASTE WATER TREATMENT PLANT WY US',200306,284,614
COOP:481569,'CASPER WASTE WATER TREATMENT PLANT WY US',200307,37,758
COOP:481569,'CASPER WASTE WATER TREATMENT PLANT WY US',200308,117,749
COOP:481569,'CASPER WASTE WATER TREATMENT PLANT WY US',200309,193,576
COOP:481569,'CASPER WASTE WATER TREATMENT PLANT WY US',200310,111,505
COOP:481569,'CASPER WASTE WATER TREATMENT PLANT WY US',200311,37,287
COOP:481569,'CASPER WASTE WATER TREATMENT PLANT WY US',200312,57,307
COOP:481569,'CASPER WASTE WATER TREATMENT PLANT WY US',200401,7,296
COOP:481569,'CASPER WASTE WATER TREATMENT PLANT WY US',200402,101,284
COOP:481569,'CASPER WASTE WATER TREATMENT PLANT WY US',200403,30,393
COOP:481569,'CASPER WASTE WATER TREATMENT PLANT WY US',200404,182,460
COOP:481569,'CASPER WASTE WATER TREATMENT PLANT WY US',200405,120,552
COOP:481569,'CASPER WASTE WATER TREATMENT PLANT WY US',200406,80,613
COOP:481569,'CASPER WASTE WATER TREATMENT PLANT WY US',200407,107,701
COOP:481569,'CASPER WASTE WATER TREATMENT PLANT WY US',200408,56,666
COOP:481569,'CASPER WASTE WATER TREATMENT PLANT WY US',200409,153,601
COOP:481569,'CASPER WASTE WATER TREATMENT PLANT WY US',200410,108,488
COOP:481569,'CASPER WASTE WATER TREATMENT PLANT WY US',200411,110,341
COOP:481569,'CASPER WASTE WATER TREATMENT PLANT WY US',200412,39,323
COOP:481569,'CASPER WASTE WATER TREATMENT PLANT WY US',200501,40,288
COOP:481569,'CASPER WASTE WATER TREATMENT PLANT WY US',200502,24,327
COOP:481569,'CASPER WASTE WATER TREATMENT PLANT WY US',200503,76,379
COOP:481569,'CASPER WASTE WATER TREATMENT PLANT WY US',200504,133,441
COOP:481569,'CASPER WASTE WATER TREATMENT PLANT WY US',200505,315,526
COOP:481569,'CASPER WASTE WATER TREATMENT PLANT WY US',200506,46,650
COOP:481569,'CASPER WASTE WATER TREATMENT PLANT WY US',200507,206,743
COOP:481569,'CASPER WASTE WATER TREATMENT PLANT WY US',200508,126,688
COOP:481569,'CASPER WASTE WATER TREATMENT PLANT WY US',200509,35,613
COOP:481569,'CASPER WASTE WATER TREATMENT PLANT WY US',200510,122,507
COOP:481569,'CASPER WASTE WATER TREATMENT PLANT WY US',200511,32,408
COOP:481569,'CASPER WASTE WATER TREATMENT PLANT WY US',200512,132,272
COOP:481569,'CASPER WASTE WATER TREATMENT PLANT WY US',200601,58,348
COOP:481569,'CASPER WASTE WATER TREATMENT PLANT WY US',200602,71,261
COOP:481569,'CASPER WASTE WATER TREATMENT PLANT WY US',200603,74,359
COOP:481569,'CASPER WASTE WATER TREATMENT PLANT WY US',200604,103,484
COOP:481569,'CASPER WASTE WATER TREATMENT PLANT WY US',200605,184,567
COOP:481569,'CASPER WASTE WATER TREATMENT PLANT WY US',200606,10,697
COOP:481569,'CASPER WASTE WATER TREATMENT PLANT WY US',200607,73,772
COOP:481569,'CASPER WASTE WATER TREATMENT PLANT WY US',200608,85,719
COOP:481569,'CASPER WASTE WATER TREATMENT PLANT WY US',200609,173,559
COOP:481569,'CASPER WASTE WATER TREATMENT PLANT WY US',200610,93,460
COOP:481569,'CASPER WASTE WATER TREATMENT PLANT WY US',200611,63,386
COOP:481569,'CASPER WASTE WATER TREATMENT PLANT WY US',200612,49,305
COOP:481569,'CASPER WASTE WATER TREATMENT PLANT WY US',200701,60,209
COOP:481569,'CASPER WASTE WATER TREATMENT PLANT WY US',200702,16,298
COOP:481569,'CASPER WASTE WATER TREATMENT PLANT WY US',200703,130,423
COOP:481569,'CASPER WASTE WATER TREATMENT PLANT WY US',200704,57,438
COOP:481569,'CASPER WASTE WATER TREATMENT PLANT WY US',200705,367,575
COOP:481569,'CASPER WASTE WATER TREATMENT PLANT WY US',200706,127,662
COOP:481569,'CASPER WASTE WATER TREATMENT PLANT WY US',200707,108,769
COOP:481569,'CASPER WASTE WATER TREATMENT PLANT WY US',200708,210,731
COOP:481569,'CASPER WASTE WATER TREATMENT PLANT WY US',200709,89,623
COOP:481569,'CASPER WASTE WATER TREATMENT PLANT WY US',200710,171,490
COOP:481569,'CASPER WASTE WATER TREATMENT PLANT WY US',200711,6,399
COOP:481569,'CASPER WASTE WATER TREATMENT PLANT WY US',200712,82,242
COOP:481569,'CASPER WASTE WATER TREATMENT PLANT WY US',200801,20,239
COOP:481569,'CASPER WASTE WATER TREATMENT PLANT WY US',200802,45,296
COOP:481569,'CASPER WASTE WATER TREATMENT PLANT WY US',200803,49,350
COOP:481569,'CASPER WASTE WATER TREATMENT PLANT WY US',200804,104,421
COOP:481569,'CASPER WASTE WATER TREATMENT PLANT WY US',200805,483,513
COOP:481569,'CASPER WASTE WATER TREATMENT PLANT WY US',200806,60,623
COOP:481569,'CASPER WASTE WATER TREATMENT PLANT WY US',200807,40,735
COOP:481569,'CASPER WASTE WATER TREATMENT PLANT WY US',200808,75,708
COOP:481569,'CASPER WASTE WATER TREATMENT PLANT WY US',200809,109,575
COOP:481569,'CASPER WASTE WATER TREATMENT PLANT WY US',200810,175,465
COOP:481569,'CASPER WASTE WATER TREATMENT PLANT WY US',200811,23,425
COOP:481569,'CASPER WASTE WATER TREATMENT PLANT WY US',200812,59,232
COOP:481569,'CASPER WASTE WATER TREATMENT PLANT WY US',200901,99,275
COOP:481569,'CASPER WASTE WATER TREATMENT PLANT WY US',200902,43,337
COOP:481569,'CASPER WASTE WATER TREATMENT PLANT WY US',200903,161,349
COOP:481569,'CASPER WASTE WATER TREATMENT PLANT WY US',200904,274,413
COOP:481569,'CASPER WASTE WATER TREATMENT PLANT WY US',200905,36,564
COOP:481569,'CASPER WASTE WATER TREATMENT PLANT WY US',200906,176,619
COOP:481569,'CASPER WASTE WATER TREATMENT PLANT WY US',200907,316,711
COOP:481569,'CASPER WASTE WATER TREATMENT PLANT WY US',200908,124,670
COOP:481569,'CASPER WASTE WATER TREATMENT PLANT WY US',200909,174,613
COOP:481569,'CASPER WASTE WATER TREATMENT PLANT WY US',200910,137,376
COOP:481569,'CASPER WASTE WATER TREATMENT PLANT WY US',200911,17,406
COOP:481569,'CASPER WASTE WATER TREATMENT PLANT WY US',201001,0,270
COOP:481569,'CASPER WASTE WATER TREATMENT PLANT WY US',201002,42,233
COOP:481569,'CASPER WASTE WATER TREATMENT PLANT WY US',201003,152,370
COOP:481569,'CASPER WASTE WATER TREATMENT PLANT WY US',201004,114,441
COOP:481569,'CASPER WASTE WATER TREATMENT PLANT WY US',201005,267,486
COOP:481569,'CASPER WASTE WATER TREATMENT PLANT WY US',201006,227,631
COOP:481569,'CASPER WASTE WATER TREATMENT PLANT WY US',201007,83,714
COOP:481569,'CASPER WASTE WATER TREATMENT PLANT WY US',201008,48,723
COOP:481569,'CASPER WASTE WATER TREATMENT PLANT WY US',201009,47,605
COOP:481569,'CASPER WASTE WATER TREATMENT PLANT WY US',201010,132,517
COOP:481569,'CASPER WASTE WATER TREATMENT PLANT WY US',201011,70,348
COOP:481569,'CASPER WASTE WATER TREATMENT PLANT WY US',201012,97,276
COOP:481569,'CASPER WASTE WATER TREATMENT PLANT WY US',201101,43,261
COOP:481569,'CASPER WASTE WATER TREATMENT PLANT WY US',201102,35,203
COOP:481569,'CASPER WASTE WATER TREATMENT PLANT WY US',201103,43,376
COOP:481569,'CASPER WASTE WATER TREATMENT PLANT WY US',201105,304,496
COOP:481569,'CASPER WASTE WATER TREATMENT PLANT WY US',201106,158,635
COOP:481569,'CASPER WASTE WATER TREATMENT PLANT WY US',201107,126,749
COOP:481569,'CASPER WASTE WATER TREATMENT PLANT WY US',201108,30,734
COOP:481569,'CASPER WASTE WATER TREATMENT PLANT WY US',201109,20,611
COOP:481569,'CASPER WASTE WATER TREATMENT PLANT WY US',201110,121,490
COOP:481569,'CASPER WASTE WATER TREATMENT PLANT WY US',201111,43,349
COOP:481569,'CASPER WASTE WATER TREATMENT PLANT WY US',201112,39,242
COOP:481569,'CASPER WASTE WATER TREATMENT PLANT WY US',201201,60,316
COOP:481569,'CASPER WASTE WATER TREATMENT PLANT WY US',201202,102,265
COOP:481569,'CASPER WASTE WATER TREATMENT PLANT WY US',201203,31,444
COOP:481569,'CASPER WASTE WATER TREATMENT PLANT WY US',201204,101,501
COOP:481569,'CASPER WASTE WATER TREATMENT PLANT WY US',201205,171,564
COOP:481569,'CASPER WASTE WATER TREATMENT PLANT WY US',201206,30,698
COOP:481569,'CASPER WASTE WATER TREATMENT PLANT WY US',201207,68,759
COOP:481569,'CASPER WASTE WATER TREATMENT PLANT WY US',201212,32,315
COOP:481569,'CASPER WASTE WATER TREATMENT PLANT WY US',201301,22,284
COOP:481569,'CASPER WASTE WATER TREATMENT PLANT WY US',201302,64,280
COOP:481569,'CASPER WASTE WATER TREATMENT PLANT WY US',201303,34,353
COOP:481569,'CASPER WASTE WATER TREATMENT PLANT WY US',201304,149,379
COOP:481569,'CASPER WASTE WATER TREATMENT PLANT WY US',201305,245,559
COOP:481569,'CASPER WASTE WATER TREATMENT PLANT WY US',201306,18,669
COOP:481569,'CASPER WASTE WATER TREATMENT PLANT WY US',201307,196,740
COOP:481569,'CASPER WASTE WATER TREATMENT PLANT WY US',201308,51,728
COOP:481569,'CASPER WASTE WATER TREATMENT PLANT WY US',201309,172,634
COOP:481569,'CASPER WASTE WATER TREATMENT PLANT WY US',201310,227,440
COOP:481569,'CASPER WASTE WATER TREATMENT PLANT WY US',201311,17,358
COOP:481569,'CASPER WASTE WATER TREATMENT PLANT WY US',201312,72,230
COOP:481569,'CASPER WASTE WATER TREATMENT PLANT WY US',201401,47,290
COOP:481569,'CASPER WASTE WATER TREATMENT PLANT WY US',201402,54,206
COOP:481569,'CASPER WASTE WATER TREATMENT PLANT WY US',201403,143,356
COOP:481569,'CASPER WASTE WATER TREATMENT PLANT WY US',201404,112,442
COOP:481569,'CASPER WASTE WATER TREATMENT PLANT WY US',201405,80,541
COOP:481569,'CASPER WASTE WATER TREATMENT PLANT WY US',201406,174,628
COOP:481569,'CASPER WASTE WATER TREATMENT PLANT WY US',201407,87,718
COOP:480082,'ALBIN NUMBER 2 WY US',201011,116,342
COOP:480082,'ALBIN NUMBER 2 WY US',201012,106,319
COOP:480082,'ALBIN NUMBER 2 WY US',201101,32,282
COOP:480082,'ALBIN NUMBER 2 WY US',201102,153,271
COOP:480082,'ALBIN NUMBER 2 WY US',201103,147,393
COOP:480082,'ALBIN NUMBER 2 WY US',201104,208,434
COOP:480082,'ALBIN NUMBER 2 WY US',201105,515,488
COOP:480082,'ALBIN NUMBER 2 WY US',201106,252,628
COOP:480082,'ALBIN NUMBER 2 WY US',201107,271,724
COOP:480082,'ALBIN NUMBER 2 WY US',201108,164,726
COOP:480082,'ALBIN NUMBER 2 WY US',201109,39,609
COOP:480082,'ALBIN NUMBER 2 WY US',201110,173,493
COOP:480082,'ALBIN NUMBER 2 WY US',201111,98,370
COOP:480082,'ALBIN NUMBER 2 WY US',201112,17,283
COOP:480082,'ALBIN NUMBER 2 WY US',201201,7,340
COOP:480082,'ALBIN NUMBER 2 WY US',201202,109,284
COOP:480082,'ALBIN NUMBER 2 WY US',201203,0,478
COOP:480082,'ALBIN NUMBER 2 WY US',201204,105,507
COOP:480082,'ALBIN NUMBER 2 WY US',201205,52,570
COOP:480082,'ALBIN NUMBER 2 WY US',201206,82,704
COOP:480082,'ALBIN NUMBER 2 WY US',201207,138,754
COOP:480082,'ALBIN NUMBER 2 WY US',201208,60,715
COOP:480082,'ALBIN NUMBER 2 WY US',201209,60,636
COOP:480082,'ALBIN NUMBER 2 WY US',201210,110,466
COOP:480082,'ALBIN NUMBER 2 WY US',201211,19,423
COOP:480082,'ALBIN NUMBER 2 WY US',201212,17,301
COOP:480080,'ALBIN WY US',200001,88,312
COOP:480080,'ALBIN WY US',200002,67,377
COOP:480080,'ALBIN WY US',200003,188,394
COOP:480080,'ALBIN WY US',200004,118,469
COOP:480080,'ALBIN WY US',200005,205,575
COOP:480080,'ALBIN WY US',200006,111,645
COOP:480080,'ALBIN WY US',200007,110,740
COOP:480080,'ALBIN WY US',200008,39,725
COOP:480080,'ALBIN WY US',200009,305,615
COOP:480080,'ALBIN WY US',200010,49,481
COOP:480080,'ALBIN WY US',200011,94,253
COOP:480080,'ALBIN WY US',200012,57,244
COOP:480080,'ALBIN WY US',200101,64,275
COOP:480080,'ALBIN WY US',200102,54,264
COOP:480080,'ALBIN WY US',200103,62,364
COOP:480080,'ALBIN WY US',200104,390,457
COOP:480080,'ALBIN WY US',200105,344,543
COOP:480080,'ALBIN WY US',200106,77,661
COOP:480080,'ALBIN WY US',200107,258,740
COOP:480080,'ALBIN WY US',200108,19,718
COOP:480080,'ALBIN WY US',200109,145,636
COOP:480080,'ALBIN WY US',200110,115,491
COOP:480080,'ALBIN WY US',200111,84,406
COOP:480080,'ALBIN WY US',200112,14,297
COOP:480080,'ALBIN WY US',200201,12,287
COOP:480080,'ALBIN WY US',200202,115,316
COOP:480080,'ALBIN WY US',200203,96,309
COOP:480080,'ALBIN WY US',200204,20,485
COOP:480080,'ALBIN WY US',200205,81,539
COOP:480080,'ALBIN WY US',200206,157,697
COOP:480080,'ALBIN WY US',200207,45,751
COOP:480080,'ALBIN WY US',200208,447,693
COOP:480080,'ALBIN WY US',200209,55,614
COOP:480080,'ALBIN WY US',200210,165,423
COOP:480080,'ALBIN WY US',200211,36,346
COOP:480080,'ALBIN WY US',200212,10,327
COOP:480080,'ALBIN WY US',200301,22,349
COOP:480080,'ALBIN WY US',200302,69,259
COOP:480080,'ALBIN WY US',200303,309,377
COOP:480080,'ALBIN WY US',200304,212,480
COOP:480080,'ALBIN WY US',200305,193,555
COOP:480080,'ALBIN WY US',200306,343,610
COOP:480080,'ALBIN WY US',200307,120,761
COOP:480080,'ALBIN WY US',200308,135,712
COOP:480080,'ALBIN WY US',200309,174,586
COOP:480080,'ALBIN WY US',200310,31,527
COOP:480080,'ALBIN WY US',200311,95,339
COOP:480080,'ALBIN WY US',200312,72,306
COOP:480080,'ALBIN WY US',200401,17,302
COOP:480080,'ALBIN WY US',200402,67,296
COOP:480080,'ALBIN WY US',200403,13,429
COOP:480080,'ALBIN WY US',200404,132,473
COOP:480080,'ALBIN WY US',200405,52,564
COOP:480080,'ALBIN WY US',200406,248,622
COOP:480080,'ALBIN WY US',200407,179,691
COOP:480080,'ALBIN WY US',200408,143,662
COOP:480080,'ALBIN WY US',200409,232,613
COOP:480080,'ALBIN WY US',200410,98,497
COOP:480080,'ALBIN WY US',200411,115,347
COOP:480080,'ALBIN WY US',200412,20,314
COOP:480080,'ALBIN WY US',200501,108,301
COOP:480080,'ALBIN WY US',200502,45,333
COOP:480080,'ALBIN WY US',200503,127,377
COOP:480080,'ALBIN WY US',200504,347,446
COOP:480080,'ALBIN WY US',200505,210,543
COOP:480080,'ALBIN WY US',200506,490,641
COOP:480080,'ALBIN WY US',200507,144,727
COOP:480080,'ALBIN WY US',200508,291,677
COOP:480080,'ALBIN WY US',200509,79,634
COOP:480080,'ALBIN WY US',200510,177,499
COOP:480080,'ALBIN WY US',200511,33,399
COOP:480080,'ALBIN WY US',200512,34,277
COOP:480080,'ALBIN WY US',200601,15,354
COOP:480080,'ALBIN WY US',200602,97,269
COOP:480080,'ALBIN WY US',200603,264,343
COOP:480080,'ALBIN WY US',200604,126,504
COOP:480080,'ALBIN WY US',200605,118,569
COOP:480080,'ALBIN WY US',200606,132,692
COOP:480080,'ALBIN WY US',200607,154,744
COOP:480080,'ALBIN WY US',200608,223,704
COOP:480080,'ALBIN WY US',200609,183,563
COOP:480080,'ALBIN WY US',200610,79,464
COOP:480080,'ALBIN WY US',200611,5,383
COOP:480080,'ALBIN WY US',200612,160,303
COOP:480080,'ALBIN WY US',200701,22,224
COOP:480080,'ALBIN WY US',200702,35,292
COOP:480080,'ALBIN WY US',200703,127,436
COOP:480080,'ALBIN WY US',200704,198,446
COOP:480080,'ALBIN WY US',200705,377,557
COOP:480080,'ALBIN WY US',200706,98,664
COOP:480080,'ALBIN WY US',200707,265,746
COOP:480080,'ALBIN WY US',200708,172,727
COOP:480080,'ALBIN WY US',200709,229,621
COOP:480080,'ALBIN WY US',200710,175,516
COOP:480080,'ALBIN WY US',200711,30,390
COOP:480080,'ALBIN WY US',200712,187,229
COOP:480080,'ALBIN WY US',200801,5,226
COOP:480080,'ALBIN WY US',200802,23,295
COOP:480080,'ALBIN WY US',200803,129,361
COOP:480080,'ALBIN WY US',200804,137,436
COOP:480080,'ALBIN WY US',200805,355,533
COOP:480080,'ALBIN WY US',200806,118,638
COOP:480080,'ALBIN WY US',200807,125,737
COOP:480080,'ALBIN WY US',200808,455,673
COOP:480080,'ALBIN WY US',200809,181,585
COOP:480080,'ALBIN WY US',200810,76,482
COOP:480080,'ALBIN WY US',200811,68,406
COOP:480080,'ALBIN WY US',200812,30,256
COOP:480080,'ALBIN WY US',200901,83,301
COOP:480080,'ALBIN WY US',200902,25,337
COOP:480080,'ALBIN WY US',200903,347,381
COOP:480080,'ALBIN WY US',200904,482,422
COOP:480080,'ALBIN WY US',200905,188,562
COOP:480080,'ALBIN WY US',200906,590,617
COOP:482135,'CRANDALL CREEK WY US',200305,81,455
COOP:482135,'CRANDALL CREEK WY US',200306,193,508
COOP:482135,'CRANDALL CREEK WY US',200307,15,624
COOP:482135,'CRANDALL CREEK WY US',200308,27,611
COOP:482135,'CRANDALL CREEK WY US',200309,40,463
COOP:482135,'CRANDALL CREEK WY US',200310,190,419
COOP:482135,'CRANDALL CREEK WY US',200405,154,437
COOP:482135,'CRANDALL CREEK WY US',200406,276,508
COOP:482135,'CRANDALL CREEK WY US',200407,200,581
COOP:482135,'CRANDALL CREEK WY US',200408,276,545
COOP:482135,'CRANDALL CREEK WY US',200409,214,478
COOP:482135,'CRANDALL CREEK WY US',200506,200,507
COOP:482135,'CRANDALL CREEK WY US',200507,174,618
COOP:482135,'CRANDALL CREEK WY US',200508,147,579
COOP:482135,'CRANDALL CREEK WY US',200509,141,491
COOP:482135,'CRANDALL CREEK WY US',200510,394,421
COOP:482135,'CRANDALL CREEK WY US',200511,184,306
COOP:482135,'CRANDALL CREEK WY US',200512,77,184
COOP:482135,'CRANDALL CREEK WY US',200601,99,230
COOP:482135,'CRANDALL CREEK WY US',200602,30,167
COOP:482135,'CRANDALL CREEK WY US',200603,20,273
COOP:482135,'CRANDALL CREEK WY US',200604,78,389
COOP:482135,'CRANDALL CREEK WY US',200605,118,467
COOP:482135,'CRANDALL CREEK WY US',200606,115,564
COOP:482135,'CRANDALL CREEK WY US',200607,236,636
COOP:482135,'CRANDALL CREEK WY US',200608,42,572
COOP:482135,'CRANDALL CREEK WY US',200609,146,485
COOP:482135,'CRANDALL CREEK WY US',200610,146,375
COOP:482135,'CRANDALL CREEK WY US',200611,110,288
COOP:482135,'CRANDALL CREEK WY US',200701,71,130
COOP:482135,'CRANDALL CREEK WY US',200702,116,232
COOP:482135,'CRANDALL CREEK WY US',200703,50,341
COOP:482135,'CRANDALL CREEK WY US',200704,153,381
COOP:482135,'CRANDALL CREEK WY US',200705,49,471
COOP:482135,'CRANDALL CREEK WY US',200706,202,554
COOP:482135,'CRANDALL CREEK WY US',200707,178,656
COOP:482135,'CRANDALL CREEK WY US',200708,141,591
COOP:482135,'CRANDALL CREEK WY US',200709,118,502
COOP:482135,'CRANDALL CREEK WY US',200710,362,397
COOP:482135,'CRANDALL CREEK WY US',200711,135,287
COOP:482135,'CRANDALL CREEK WY US',200712,142,165
COOP:482135,'CRANDALL CREEK WY US',200801,72,158
COOP:482135,'CRANDALL CREEK WY US',200802,90,204
COOP:482135,'CRANDALL CREEK WY US',200803,152,201
COOP:482135,'CRANDALL CREEK WY US',200804,47,298
COOP:482135,'CRANDALL CREEK WY US',200805,451,430
COOP:482135,'CRANDALL CREEK WY US',200806,218,515
COOP:482135,'CRANDALL CREEK WY US',200807,42,611
COOP:482135,'CRANDALL CREEK WY US',200808,74,600
COOP:482135,'CRANDALL CREEK WY US',200809,77,476
COOP:482135,'CRANDALL CREEK WY US',200810,68,391
COOP:482135,'CRANDALL CREEK WY US',200811,74,319
COOP:482135,'CRANDALL CREEK WY US',200812,143,156
COOP:482135,'CRANDALL CREEK WY US',200901,160,182
COOP:482135,'CRANDALL CREEK WY US',200902,38,221
COOP:482135,'CRANDALL CREEK WY US',200903,178,259
COOP:482135,'CRANDALL CREEK WY US',200904,216,350
COOP:482135,'CRANDALL CREEK WY US',200905,199,445
COOP:482135,'CRANDALL CREEK WY US',200906,396,507
COOP:482135,'CRANDALL CREEK WY US',200907,166,587
COOP:482135,'CRANDALL CREEK WY US',200908,126,581
COOP:482135,'CRANDALL CREEK WY US',200909,95,532
COOP:482135,'CRANDALL CREEK WY US',200910,169,313
COOP:482135,'CRANDALL CREEK WY US',200911,42,297
COOP:482135,'CRANDALL CREEK WY US',201005,123,392
COOP:482135,'CRANDALL CREEK WY US',201006,245,504
COOP:482135,'CRANDALL CREEK WY US',201007,77,590
COOP:482135,'CRANDALL CREEK WY US',201008,102,584
COOP:482135,'CRANDALL CREEK WY US',201009,57,494
COOP:482135,'CRANDALL CREEK WY US',201010,119,430
COOP:482135,'CRANDALL CREEK WY US',201206,55,542
COOP:482135,'CRANDALL CREEK WY US',201207,165,638
COOP:482135,'CRANDALL CREEK WY US',201208,44,605
COOP:482135,'CRANDALL CREEK WY US',201209,55,535
COOP:482135,'CRANDALL CREEK WY US',201210,157,388
COOP:482135,'CRANDALL CREEK WY US',201306,102,536
COOP:482135,'CRANDALL CREEK WY US',201307,196,624
COOP:482135,'CRANDALL CREEK WY US',201308,92,611
COOP:482135,'CRANDALL CREEK WY US',201309,286,527
COOP:482135,'CRANDALL CREEK WY US',201406,315,503
COOP:482135,'CRANDALL CREEK WY US',201407,152,602
COOP:485833,'LUSK 25 NE WY US',200304,123,480
COOP:485833,'LUSK 25 NE WY US',200305,154,538
COOP:485833,'LUSK 25 NE WY US',200306,280,613
COOP:485833,'LUSK 25 NE WY US',200307,0,781
COOP:485833,'LUSK 25 NE WY US',200308,186,758
COOP:485833,'LUSK 25 NE WY US',200309,204,587
COOP:485833,'LUSK 25 NE WY US',200310,70,529
COOP:485833,'LUSK 25 NE WY US',200311,51,290
COOP:485833,'LUSK 25 NE WY US',200312,36,300
COOP:485833,'LUSK 25 NE WY US',200401,10,276
COOP:485833,'LUSK 25 NE WY US',200402,26,293
COOP:485833,'LUSK 25 NE WY US',200403,86,398
COOP:485833,'LUSK 25 NE WY US',200404,54,473
COOP:485833,'LUSK 25 NE WY US',200405,130,551
COOP:485833,'LUSK 25 NE WY US',200406,89,612
COOP:485833,'LUSK 25 NE WY US',200407,301,711
COOP:485833,'LUSK 25 NE WY US',200408,28,668
COOP:485833,'LUSK 25 NE WY US',200409,342,620
COOP:485833,'LUSK 25 NE WY US',200410,131,490
COOP:485833,'LUSK 25 NE WY US',200411,73,347
COOP:485833,'LUSK 25 NE WY US',200412,0,315
COOP:485833,'LUSK 25 NE WY US',200501,33,239
COOP:485833,'LUSK 25 NE WY US',200502,1,345
COOP:485833,'LUSK 25 NE WY US',200503,121,367
COOP:485833,'LUSK 25 NE WY US',200504,284,456
COOP:485833,'LUSK 25 NE WY US',200505,352,514
COOP:485833,'LUSK 25 NE WY US',200506,505,640
COOP:485833,'LUSK 25 NE WY US',200507,162,743
COOP:485833,'LUSK 25 NE WY US',200508,212,708
COOP:485833,'LUSK 25 NE WY US',200509,72,645
COOP:485833,'LUSK 25 NE WY US',200510,143,509
COOP:485833,'LUSK 25 NE WY US',200511,16,413
COOP:485833,'LUSK 25 NE WY US',200512,1,260
COOP:485833,'LUSK 25 NE WY US',200601,0,364
COOP:485833,'LUSK 25 NE WY US',200602,82,245
COOP:485833,'LUSK 25 NE WY US',200603,93,329
COOP:485833,'LUSK 25 NE WY US',200605,171,566
COOP:485833,'LUSK 25 NE WY US',200606,119,703
COOP:485833,'LUSK 25 NE WY US',200607,116,790
COOP:485833,'LUSK 25 NE WY US',200608,219,725
COOP:485833,'LUSK 25 NE WY US',200609,205,567
COOP:485833,'LUSK 25 NE WY US',200610,52,459
COOP:485833,'LUSK 25 NE WY US',200611,40,375
COOP:485833,'LUSK 25 NE WY US',200612,40,302
COOP:485833,'LUSK 25 NE WY US',200701,13,239
COOP:485833,'LUSK 25 NE WY US',200702,25,245
COOP:485833,'LUSK 25 NE WY US',200703,84,439
COOP:485833,'LUSK 25 NE WY US',200704,182,426
COOP:485833,'LUSK 25 NE WY US',200705,183,586
COOP:485833,'LUSK 25 NE WY US',200706,83,686
COOP:485833,'LUSK 25 NE WY US',200707,62,789
COOP:485833,'LUSK 25 NE WY US',200708,101,748
COOP:485833,'LUSK 25 NE WY US',200709,64,636
COOP:485833,'LUSK 25 NE WY US',200710,170,498
COOP:485833,'LUSK 25 NE WY US',200712,91,217
COOP:485833,'LUSK 25 NE WY US',200801,20,217
COOP:485833,'LUSK 25 NE WY US',200802,6,281
COOP:485833,'LUSK 25 NE WY US',200803,36,361
COOP:485833,'LUSK 25 NE WY US',200804,85,421
COOP:485833,'LUSK 25 NE WY US',200805,498,517
COOP:485833,'LUSK 25 NE WY US',200806,336,621
COOP:485833,'LUSK 25 NE WY US',200807,183,740
COOP:485833,'LUSK 25 NE WY US',200808,67,725
COOP:485833,'LUSK 25 NE WY US',200809,102,601
COOP:485833,'LUSK 25 NE WY US',200901,92,268
COOP:485833,'LUSK 25 NE WY US',200902,15,319
COOP:485833,'LUSK 25 NE WY US',200903,84,354
COOP:485833,'LUSK 25 NE WY US',200904,428,405
COOP:485833,'LUSK 25 NE WY US',200905,89,553
COOP:485833,'LUSK 25 NE WY US',200906,411,609
COOP:485833,'LUSK 25 NE WY US',200911,3,414
COOP:485833,'LUSK 25 NE WY US',200912,54,173
COOP:485833,'LUSK 25 NE WY US',201001,0,247
COOP:485833,'LUSK 25 NE WY US',201002,56,219
COOP:485833,'LUSK 25 NE WY US',201003,68,391
COOP:485833,'LUSK 25 NE WY US',201004,441,453
COOP:485833,'LUSK 25 NE WY US',201005,343,497
COOP:485833,'LUSK 25 NE WY US',201006,437,633
COOP:485833,'LUSK 25 NE WY US',201007,123,717
COOP:485833,'LUSK 25 NE WY US',201008,2,749
COOP:485833,'LUSK 25 NE WY US',201009,48,618
COOP:485833,'LUSK 25 NE WY US',201010,149,528
COOP:485833,'LUSK 25 NE WY US',201011,27,331
COOP:485833,'LUSK 25 NE WY US',201012,28,282
COOP:485833,'LUSK 25 NE WY US',201102,56,204
COOP:485833,'LUSK 25 NE WY US',201103,68,365
COOP:485833,'LUSK 25 NE WY US',201104,256,426
COOP:485833,'LUSK 25 NE WY US',201105,631,494
COOP:485833,'LUSK 25 NE WY US',201106,172,634
COOP:485833,'LUSK 25 NE WY US',201107,227,746
COOP:485833,'LUSK 25 NE WY US',201108,302,736
COOP:485833,'LUSK 25 NE WY US',201109,115,610
COOP:485833,'LUSK 25 NE WY US',201110,180,506
COOP:485833,'LUSK 25 NE WY US',201111,32,357
COOP:485833,'LUSK 25 NE WY US',201112,70,263
COOP:485833,'LUSK 25 NE WY US',201201,6,292
COOP:485833,'LUSK 25 NE WY US',201202,81,272
COOP:485833,'LUSK 25 NE WY US',201203,0,466
COOP:485833,'LUSK 25 NE WY US',201204,75,503
COOP:485833,'LUSK 25 NE WY US',201205,208,572
COOP:485833,'LUSK 25 NE WY US',201206,35,723
COOP:485833,'LUSK 25 NE WY US',201207,127,790
COOP:485833,'LUSK 25 NE WY US',201208,13,726
COOP:485833,'LUSK 25 NE WY US',201209,25,645
COOP:485833,'LUSK 25 NE WY US',201210,136,465
COOP:485833,'LUSK 25 NE WY US',201211,40,401
COOP:485833,'LUSK 25 NE WY US',201212,24,291
COOP:485833,'LUSK 25 NE WY US',201301,25,253
COOP:485833,'LUSK 25 NE WY US',201302,25,294
COOP:485833,'LUSK 25 NE WY US',201303,49,346
COOP:485833,'LUSK 25 NE WY US',201304,642,367
COOP:485833,'LUSK 25 NE WY US',201305,172,537
COOP:485833,'LUSK 25 NE WY US',201306,113,654
COOP:485833,'LUSK 25 NE WY US',201307,269,733
COOP:485833,'LUSK 25 NE WY US',201308,56,734
COOP:485833,'LUSK 25 NE WY US',201309,74,647
COOP:485833,'LUSK 25 NE WY US',201310,676,433
COOP:485833,'LUSK 25 NE WY US',201311,32,354
COOP:485833,'LUSK 25 NE WY US',201312,38,215
COOP:485833,'LUSK 25 NE WY US',201401,2,296
COOP:485833,'LUSK 25 NE WY US',201402,106,182
COOP:485833,'LUSK 25 NE WY US',201403,187,334
COOP:485833,'LUSK 25 NE WY US',201404,217,439
COOP:485833,'LUSK 25 NE WY US',201405,275,528
COOP:485833,'LUSK 25 NE WY US',201406,286,616
COOP:485833,'LUSK 25 NE WY US',201407,204,705
COOP:485830,'LUSK 2 SW WY US',200001,57,275
COOP:485830,'LUSK 2 SW WY US',200002,126,315
COOP:485830,'LUSK 2 SW WY US',200003,129,362
COOP:485830,'LUSK 2 SW WY US',200004,448,413
COOP:485830,'LUSK 2 SW WY US',200005,157,533
COOP:485830,'LUSK 2 SW WY US',200006,51,602
COOP:485830,'LUSK 2 SW WY US',200007,163,709
COOP:485830,'LUSK 2 SW WY US',200008,33,710
COOP:485830,'LUSK 2 SW WY US',200009,166,586
COOP:485830,'LUSK 2 SW WY US',200010,35,452
COOP:485830,'LUSK 2 SW WY US',200011,231,193
COOP:485830,'LUSK 2 SW WY US',200012,67,170
COOP:485830,'LUSK 2 SW WY US',200101,25,232
COOP:485830,'LUSK 2 SW WY US',200102,52,194
COOP:485830,'LUSK 2 SW WY US',200103,102,320
COOP:485830,'LUSK 2 SW WY US',200104,241,430
COOP:485830,'LUSK 2 SW WY US',200105,116,526
COOP:485830,'LUSK 2 SW WY US',200106,101,619
COOP:485830,'LUSK 2 SW WY US',200107,123,727
COOP:485830,'LUSK 2 SW WY US',200108,41,704
COOP:485830,'LUSK 2 SW WY US',200109,178,602
COOP:485830,'LUSK 2 SW WY US',200110,149,442
COOP:485830,'LUSK 2 SW WY US',200111,36,375
COOP:485830,'LUSK 2 SW WY US',200112,4,267
COOP:485830,'LUSK 2 SW WY US',200201,1,254
COOP:485830,'LUSK 2 SW WY US',200202,70,261
COOP:485830,'LUSK 2 SW WY US',200203,181,221
COOP:485830,'LUSK 2 SW WY US',200204,66,418
COOP:485830,'LUSK 2 SW WY US',200205,158,489
COOP:485830,'LUSK 2 SW WY US',200206,97,650
COOP:485830,'LUSK 2 SW WY US',200207,203,721
COOP:485830,'LUSK 2 SW WY US',200208,244,657
COOP:485830,'LUSK 2 SW WY US',200210,110,388
COOP:485830,'LUSK 2 SW WY US',200211,39,327
COOP:485830,'LUSK 2 SW WY US',200212,16,301
COOP:485830,'LUSK 2 SW WY US',200302,61,212
COOP:485830,'LUSK 2 SW WY US',200303,215,337
COOP:485830,'LUSK 2 SW WY US',200304,130,458
COOP:485830,'LUSK 2 SW WY US',200306,371,581
COOP:485830,'LUSK 2 SW WY US',200307,42,737
COOP:485830,'LUSK 2 SW WY US',200308,179,714
COOP:485830,'LUSK 2 SW WY US',200312,72,271
COOP:485830,'LUSK 2 SW WY US',200401,0,246
COOP:485830,'LUSK 2 SW WY US',200402,70,267
COOP:485830,'LUSK 2 SW WY US',200404,40,440
COOP:485830,'LUSK 2 SW WY US',200405,186,535
COOP:485830,'LUSK 2 SW WY US',200406,133,591
COOP:485830,'LUSK 2 SW WY US',200408,0,652
COOP:485830,'LUSK 2 SW WY US',200410,82,455
COOP:485830,'LUSK 2 SW WY US',200411,45,353
COOP:485830,'LUSK 2 SW WY US',200502,10,306
COOP:485830,'LUSK 2 SW WY US',200503,53,367
COOP:485830,'LUSK 2 SW WY US',200504,179,433
COOP:485345,'LAKE YELLOWSTONE WY US',200001,278,140
COOP:485345,'LAKE YELLOWSTONE WY US',200002,232,192
COOP:485345,'LAKE YELLOWSTONE WY US',200003,217,215
COOP:485345,'LAKE YELLOWSTONE WY US',200004,162,310
COOP:485345,'LAKE YELLOWSTONE WY US',200008,82,570
COOP:485345,'LAKE YELLOWSTONE WY US',200009,89,454
COOP:485345,'LAKE YELLOWSTONE WY US',200010,205,354
COOP:485345,'LAKE YELLOWSTONE WY US',200011,74,152
COOP:485345,'LAKE YELLOWSTONE WY US',200012,149,143
COOP:485345,'LAKE YELLOWSTONE WY US',200101,47,98
COOP:485345,'LAKE YELLOWSTONE WY US',200102,149,120
COOP:485345,'LAKE YELLOWSTONE WY US',200103,165,236
COOP:485345,'LAKE YELLOWSTONE WY US',200104,280,284
COOP:485345,'LAKE YELLOWSTONE WY US',200105,146,402
COOP:485345,'LAKE YELLOWSTONE WY US',200108,39,578
COOP:485345,'LAKE YELLOWSTONE WY US',200109,117,489
COOP:485345,'LAKE YELLOWSTONE WY US',200110,168,343
COOP:485345,'LAKE YELLOWSTONE WY US',200111,191,276
COOP:485345,'LAKE YELLOWSTONE WY US',200112,194,140
COOP:485345,'LAKE YELLOWSTONE WY US',200201,197,101
COOP:485345,'LAKE YELLOWSTONE WY US',200202,104,85
COOP:485345,'LAKE YELLOWSTONE WY US',200203,190,170
COOP:485345,'LAKE YELLOWSTONE WY US',200204,275,297
COOP:485345,'LAKE YELLOWSTONE WY US',200205,187,371
COOP:485345,'LAKE YELLOWSTONE WY US',200206,226,479
COOP:485345,'LAKE YELLOWSTONE WY US',200207,192,590
COOP:485345,'LAKE YELLOWSTONE WY US',200208,98,524
COOP:485345,'LAKE YELLOWSTONE WY US',200209,274,459
COOP:485345,'LAKE YELLOWSTONE WY US',200210,85,306
COOP:485345,'LAKE YELLOWSTONE WY US',200211,163,213
COOP:485345,'LAKE YELLOWSTONE WY US',200212,105,174
COOP:485345,'LAKE YELLOWSTONE WY US',200301,218,193
COOP:485345,'LAKE YELLOWSTONE WY US',200302,172,111
COOP:485345,'LAKE YELLOWSTONE WY US',200303,135,227
COOP:485345,'LAKE YELLOWSTONE WY US',200304,267,308
COOP:485345,'LAKE YELLOWSTONE WY US',200305,212,392
COOP:485345,'LAKE YELLOWSTONE WY US',200306,180,470
COOP:485345,'LAKE YELLOWSTONE WY US',200307,41,603
COOP:485345,'LAKE YELLOWSTONE WY US',200308,101,586
COOP:485345,'LAKE YELLOWSTONE WY US',200309,84,452
COOP:485345,'LAKE YELLOWSTONE WY US',200310,125,383
COOP:485345,'LAKE YELLOWSTONE WY US',200311,158,174
COOP:485345,'LAKE YELLOWSTONE WY US',200401,214,120
COOP:485345,'LAKE YELLOWSTONE WY US',200402,96,134
COOP:485345,'LAKE YELLOWSTONE WY US',200403,132,256
COOP:485345,'LAKE YELLOWSTONE WY US',200405,309,367
COOP:485345,'LAKE YELLOWSTONE WY US',200406,298,460
COOP:485345,'LAKE YELLOWSTONE WY US',200407,165,528
COOP:485345,'LAKE YELLOWSTONE WY US',200408,367,512
COOP:485345,'LAKE YELLOWSTONE WY US',200409,234,441
COOP:485345,'LAKE YELLOWSTONE WY US',200410,225,350
COOP:485345,'LAKE YELLOWSTONE WY US',200412,123,155
COOP:485345,'LAKE YELLOWSTONE WY US',200501,250,170
COOP:485345,'LAKE YELLOWSTONE WY US',200504,90,295
COOP:485345,'LAKE YELLOWSTONE WY US',200505,266,373
COOP:485345,'LAKE YELLOWSTONE WY US',200506,343,449
COOP:485345,'LAKE YELLOWSTONE WY US',200507,127,563
COOP:485345,'LAKE YELLOWSTONE WY US',200508,292,531
COOP:485345,'LAKE YELLOWSTONE WY US',200509,192,446
COOP:485345,'LAKE YELLOWSTONE WY US',200510,171,362
COOP:485345,'LAKE YELLOWSTONE WY US',200511,267,218
COOP:485345,'LAKE YELLOWSTONE WY US',200512,208,130
COOP:485345,'LAKE YELLOWSTONE WY US',200601,262,147
COOP:485345,'LAKE YELLOWSTONE WY US',200602,81,99
COOP:485345,'LAKE YELLOWSTONE WY US',200603,136,192
COOP:485345,'LAKE YELLOWSTONE WY US',200604,244,329
COOP:485345,'LAKE YELLOWSTONE WY US',200605,186,392
COOP:485345,'LAKE YELLOWSTONE WY US',200606,260,508
COOP:485345,'LAKE YELLOWSTONE WY US',200607,120,624
COOP:485345,'LAKE YELLOWSTONE WY US',200608,118,553
COOP:485345,'LAKE YELLOWSTONE WY US',200609,36,448
COOP:485345,'LAKE YELLOWSTONE WY US',200610,166,337
COOP:485345,'LAKE YELLOWSTONE WY US',200612,174,166
COOP:485345,'LAKE YELLOWSTONE WY US',200701,94,78
COOP:485345,'LAKE YELLOWSTONE WY US',200702,187,183
COOP:485345,'LAKE YELLOWSTONE WY US',200705,76,431
COOP:485345,'LAKE YELLOWSTONE WY US',200706,54,522
COOP:485345,'LAKE YELLOWSTONE WY US',200707,250,633
COOP:485345,'LAKE YELLOWSTONE WY US',200709,87,490
COOP:485345,'LAKE YELLOWSTONE WY US',200710,35,357
COOP:485345,'LAKE YELLOWSTONE WY US',200712,233,140
COOP:485345,'LAKE YELLOWSTONE WY US',200802,342,167
COOP:485345,'LAKE YELLOWSTONE WY US',200803,383,177
COOP:485345,'LAKE YELLOWSTONE WY US',200804,115,234
COOP:485345,'LAKE YELLOWSTONE WY US',200806,333,469
COOP:485345,'LAKE YELLOWSTONE WY US',200807,85,581
COOP:485345,'LAKE YELLOWSTONE WY US',200808,41,568
COOP:485345,'LAKE YELLOWSTONE WY US',200809,57,468
COOP:485345,'LAKE YELLOWSTONE WY US',200810,55,358
COOP:485345,'LAKE YELLOWSTONE WY US',200811,163,286
COOP:485345,'LAKE YELLOWSTONE WY US',200812,199,141
COOP:485345,'LAKE YELLOWSTONE WY US',200901,216,152
COOP:485345,'LAKE YELLOWSTONE WY US',200902,126,157
COOP:485345,'LAKE YELLOWSTONE WY US',200903,360,197
COOP:485345,'LAKE YELLOWSTONE WY US',200904,320,295
COOP:485345,'LAKE YELLOWSTONE WY US',200905,182,384
COOP:485345,'LAKE YELLOWSTONE WY US',200906,499,452
COOP:485345,'LAKE YELLOWSTONE WY US',200907,146,542
COOP:485345,'LAKE YELLOWSTONE WY US',200908,128,536
COOP:485345,'LAKE YELLOWSTONE WY US',200909,45,516
COOP:485345,'LAKE YELLOWSTONE WY US',200910,206,285
COOP:485345,'LAKE YELLOWSTONE WY US',200911,132,254
COOP:485345,'LAKE YELLOWSTONE WY US',201001,165,147
COOP:485345,'LAKE YELLOWSTONE WY US',201002,86,154
COOP:485345,'LAKE YELLOWSTONE WY US',201003,199,243
COOP:485345,'LAKE YELLOWSTONE WY US',201004,238,295
COOP:485345,'LAKE YELLOWSTONE WY US',201005,188,324
COOP:485345,'LAKE YELLOWSTONE WY US',201006,444,474
COOP:485345,'LAKE YELLOWSTONE WY US',201008,138,543
COOP:485345,'LAKE YELLOWSTONE WY US',201009,63,470
COOP:485345,'LAKE YELLOWSTONE WY US',201010,128,402
COOP:485345,'LAKE YELLOWSTONE WY US',201011,370,211
COOP:485345,'LAKE YELLOWSTONE WY US',201012,336,189
COOP:485345,'LAKE YELLOWSTONE WY US',201102,202,109
COOP:485345,'LAKE YELLOWSTONE WY US',201107,105,578
COOP:485345,'LAKE YELLOWSTONE WY US',201109,82,500
COOP:485345,'LAKE YELLOWSTONE WY US',201110,200,370
COOP:485345,'LAKE YELLOWSTONE WY US',201111,211,204
COOP:485345,'LAKE YELLOWSTONE WY US',201112,175,130
COOP:485345,'LAKE YELLOWSTONE WY US',201201,133,141
COOP:485345,'LAKE YELLOWSTONE WY US',201202,225,144
COOP:485345,'LAKE YELLOWSTONE WY US',201203,285,261
COOP:485345,'LAKE YELLOWSTONE WY US',201204,188,347
COOP:485345,'LAKE YELLOWSTONE WY US',201205,183,397
COOP:485345,'LAKE YELLOWSTONE WY US',201206,131,498
COOP:485345,'LAKE YELLOWSTONE WY US',201207,166,607
COOP:485345,'LAKE YELLOWSTONE WY US',201208,18,590
COOP:485345,'LAKE YELLOWSTONE WY US',201209,115,502
COOP:485345,'LAKE YELLOWSTONE WY US',201210,180,346
COOP:485345,'LAKE YELLOWSTONE WY US',201211,128,273
COOP:485345,'LAKE YELLOWSTONE WY US',201212,330,167
COOP:485345,'LAKE YELLOWSTONE WY US',201301,136,89
COOP:485345,'LAKE YELLOWSTONE WY US',201302,88,149
COOP:485345,'LAKE YELLOWSTONE WY US',201303,191,202
COOP:485345,'LAKE YELLOWSTONE WY US',201304,209,262
COOP:485345,'LAKE YELLOWSTONE WY US',201305,213,403
COOP:485345,'LAKE YELLOWSTONE WY US',201306,94,502
COOP:485345,'LAKE YELLOWSTONE WY US',201307,121,599
COOP:485345,'LAKE YELLOWSTONE WY US',201308,94,593
COOP:485345,'LAKE YELLOWSTONE WY US',201309,376,489
COOP:485345,'LAKE YELLOWSTONE WY US',201310,198,333
COOP:485345,'LAKE YELLOWSTONE WY US',201311,137,247
COOP:485345,'LAKE YELLOWSTONE WY US',201312,133,115
COOP:485345,'LAKE YELLOWSTONE WY US',201401,167,143
COOP:485345,'LAKE YELLOWSTONE WY US',201402,204,123
COOP:485345,'LAKE YELLOWSTONE WY US',201403,386,215
COOP:485345,'LAKE YELLOWSTONE WY US',201404,287,288
COOP:485345,'LAKE YELLOWSTONE WY US',201405,163,412
COOP:485345,'LAKE YELLOWSTONE WY US',201406,212,464
COOP:485345,'LAKE YELLOWSTONE WY US',201407,98,579
COOP:489580,'WESTON 1 E WY US',200001,30,279
COOP:489580,'WESTON 1 E WY US',200002,25,356
COOP:489580,'WESTON 1 E WY US',200003,0,416
COOP:489580,'WESTON 1 E WY US',200004,254,447
COOP:489580,'WESTON 1 E WY US',200005,277,548
COOP:489580,'WESTON 1 E WY US',200006,257,630
COOP:489580,'WESTON 1 E WY US',200007,141,744
COOP:489580,'WESTON 1 E WY US',200008,7,738
COOP:489580,'WESTON 1 E WY US',200009,92,604
COOP:489580,'WESTON 1 E WY US',200010,91,477
COOP:489580,'WESTON 1 E WY US',200011,97,215
COOP:489580,'WESTON 1 E WY US',200012,3,189
COOP:489580,'WESTON 1 E WY US',200101,0,278
COOP:489580,'WESTON 1 E WY US',200103,35,369
COOP:489580,'WESTON 1 E WY US',200104,222,458
COOP:489580,'WESTON 1 E WY US',200105,79,562
COOP:489580,'WESTON 1 E WY US',200106,246,645
COOP:489580,'WESTON 1 E WY US',200107,447,751
COOP:489580,'WESTON 1 E WY US',200108,26,747
COOP:489580,'WESTON 1 E WY US',200109,26,622
COOP:489580,'WESTON 1 E WY US',200110,88,463
COOP:489580,'WESTON 1 E WY US',200112,0,261
COOP:489580,'WESTON 1 E WY US',200201,100,275
COOP:489580,'WESTON 1 E WY US',200202,50,321
COOP:489580,'WESTON 1 E WY US',200204,113,424
COOP:489580,'WESTON 1 E WY US',200205,154,514
COOP:489580,'WESTON 1 E WY US',200206,85,673
COOP:489580,'WESTON 1 E WY US',200207,64,766
COOP:489580,'WESTON 1 E WY US',200208,95,685
COOP:489580,'WESTON 1 E WY US',200209,112,609
COOP:489580,'WESTON 1 E WY US',200210,98,403
COOP:489580,'WESTON 1 E WY US',200211,0,362
COOP:489580,'WESTON 1 E WY US',200212,0,327
COOP:489580,'WESTON 1 E WY US',200301,0,299
COOP:489580,'WESTON 1 E WY US',200303,92,368
COOP:489580,'WESTON 1 E WY US',200304,56,495
COOP:489580,'WESTON 1 E WY US',200305,252,541
COOP:489580,'WESTON 1 E WY US',200306,325,610
COOP:489580,'WESTON 1 E WY US',200307,48,746
COOP:489580,'WESTON 1 E WY US',200308,67,771
COOP:489580,'WESTON 1 E WY US',200309,175,573
COOP:489580,'WESTON 1 E WY US',200310,30,508
COOP:489580,'WESTON 1 E WY US',200311,28,280
COOP:489580,'WESTON 1 E WY US',200312,0,269
COOP:489580,'WESTON 1 E WY US',200401,0,222
COOP:489580,'WESTON 1 E WY US',200402,0,282
COOP:489580,'WESTON 1 E WY US',200404,112,478
COOP:489580,'WESTON 1 E WY US',200405,122,546
COOP:489580,'WESTON 1 E WY US',200406,53,620
COOP:489580,'WESTON 1 E WY US',200407,339,714
COOP:489580,'WESTON 1 E WY US',200408,14,662
COOP:489580,'WESTON 1 E WY US',200409,86,610
COOP:489580,'WESTON 1 E WY US',200410,221,479
COOP:489580,'WESTON 1 E WY US',200411,11,355
COOP:489580,'WESTON 1 E WY US',200503,23,375
COOP:489580,'WESTON 1 E WY US',200504,189,454
COOP:489580,'WESTON 1 E WY US',200505,332,517
COOP:489580,'WESTON 1 E WY US',200506,287,644
COOP:489580,'WESTON 1 E WY US',200508,98,673
COOP:489580,'WESTON 1 E WY US',200509,63,610
COOP:489580,'WESTON 1 E WY US',200510,255,478
COOP:489580,'WESTON 1 E WY US',200511,22,378
COOP:489580,'WESTON 1 E WY US',200512,0,238
COOP:489580,'WESTON 1 E WY US',200604,214,500
COOP:489580,'WESTON 1 E WY US',200606,103,664
COOP:489580,'WESTON 1 E WY US',200607,41,760
COOP:489580,'WESTON 1 E WY US',200608,114,703
COOP:489580,'WESTON 1 E WY US',200609,249,558
COOP:489580,'WESTON 1 E WY US',200610,108,438
COOP:489580,'WESTON 1 E WY US',200709,36,610
COOP:489580,'WESTON 1 E WY US',200710,206,487
COOP:489580,'WESTON 1 E WY US',200805,724,513
COOP:489580,'WESTON 1 E WY US',200806,328,607
COOP:489580,'WESTON 1 E WY US',200807,154,711
COOP:489580,'WESTON 1 E WY US',200808,47,699
COOP:489580,'WESTON 1 E WY US',200809,131,555
COOP:489580,'WESTON 1 E WY US',200810,152,450
COOP:489580,'WESTON 1 E WY US',200907,155,664
COOP:489580,'WESTON 1 E WY US',200908,224,662
COOP:489580,'WESTON 1 E WY US',200909,58,624
COOP:489580,'WESTON 1 E WY US',200910,137,380
COOP:489580,'WESTON 1 E WY US',200911,0,374
COOP:489580,'WESTON 1 E WY US',200912,61,141
COOP:489580,'WESTON 1 E WY US',201001,20,212
COOP:489580,'WESTON 1 E WY US',201002,20,223
COOP:489580,'WESTON 1 E WY US',201003,26,400
COOP:489580,'WESTON 1 E WY US',201004,210,439
COOP:489580,'WESTON 1 E WY US',201006,231,616
COOP:489580,'WESTON 1 E WY US',201007,118,690
COOP:489580,'WESTON 1 E WY US',201008,56,696
COOP:489580,'WESTON 1 E WY US',201009,62,587
COOP:489580,'WESTON 1 E WY US',201010,38,511
COOP:489580,'WESTON 1 E WY US',201011,78,295
COOP:489580,'WESTON 1 E WY US',201012,100,209
COOP:489580,'WESTON 1 E WY US',201202,115,250
COOP:489580,'WESTON 1 E WY US',201206,75,683
COOP:489580,'WESTON 1 E WY US',201208,22,703
COOP:489580,'WESTON 1 E WY US',201209,6,604
COOP:489580,'WESTON 1 E WY US',201212,10,223
COOP:489580,'WESTON 1 E WY US',201301,31,226
COOP:489580,'WESTON 1 E WY US',201302,44,286
COOP:489580,'WESTON 1 E WY US',201303,31,342
COOP:489580,'WESTON 1 E WY US',201304,197,374
COOP:489580,'WESTON 1 E WY US',201305,487,545
COOP:489580,'WESTON 1 E WY US',201306,234,629
COOP:489580,'WESTON 1 E WY US',201307,288,710
COOP:489580,'WESTON 1 E WY US',201308,272,715
COOP:489580,'WESTON 1 E WY US',201309,202,636
COOP:489580,'WESTON 1 E WY US',201310,212,430
COOP:489580,'WESTON 1 E WY US',201311,0,336
COOP:489580,'WESTON 1 E WY US',201312,53,184
COOP:489580,'WESTON 1 E WY US',201401,45,260
COOP:489580,'WESTON 1 E WY US',201402,88,174
COOP:489580,'WESTON 1 E WY US',201403,84,342
COOP:489580,'WESTON 1 E WY US',201404,107,443
COOP:489580,'WESTON 1 E WY US',201405,286,533
COOP:489580,'WESTON 1 E WY US',201406,340,604
COOP:489580,'WESTON 1 E WY US',201407,51,694
COOP:486852,'OLD FORT LARAMIE WY US',200001,43,300
COOP:486852,'OLD FORT LARAMIE WY US',200002,105,336
COOP:486852,'OLD FORT LARAMIE WY US',200003,107,389
COOP:486852,'OLD FORT LARAMIE WY US',200004,318,455
COOP:486852,'OLD FORT LARAMIE WY US',200005,165,566
COOP:486852,'OLD FORT LARAMIE WY US',200006,55,630
COOP:486852,'OLD FORT LARAMIE WY US',200007,157,744
COOP:486852,'OLD FORT LARAMIE WY US',200008,96,734
COOP:486852,'OLD FORT LARAMIE WY US',200009,319,583
COOP:486852,'OLD FORT LARAMIE WY US',200010,55,478
COOP:486852,'OLD FORT LARAMIE WY US',200011,125,235
COOP:486852,'OLD FORT LARAMIE WY US',200012,36,230
COOP:486852,'OLD FORT LARAMIE WY US',200101,17,265
COOP:486852,'OLD FORT LARAMIE WY US',200102,38,258
COOP:486852,'OLD FORT LARAMIE WY US',200103,7,361
COOP:486852,'OLD FORT LARAMIE WY US',200104,256,460
COOP:486852,'OLD FORT LARAMIE WY US',200105,306,552
COOP:486852,'OLD FORT LARAMIE WY US',200106,84,653
COOP:486852,'OLD FORT LARAMIE WY US',200107,270,752
COOP:486852,'OLD FORT LARAMIE WY US',200108,102,721
COOP:486852,'OLD FORT LARAMIE WY US',200109,143,620
COOP:486852,'OLD FORT LARAMIE WY US',200110,117,459
COOP:486852,'OLD FORT LARAMIE WY US',200111,48,364
COOP:486852,'OLD FORT LARAMIE WY US',200112,0,296
COOP:486852,'OLD FORT LARAMIE WY US',200201,1,275
COOP:486852,'OLD FORT LARAMIE WY US',200205,101,520
COOP:486852,'OLD FORT LARAMIE WY US',200206,32,687
COOP:486852,'OLD FORT LARAMIE WY US',200207,69,743
COOP:486852,'OLD FORT LARAMIE WY US',200208,189,682
COOP:486852,'OLD FORT LARAMIE WY US',200209,199,595
COOP:486852,'OLD FORT LARAMIE WY US',200210,125,402
COOP:486852,'OLD FORT LARAMIE WY US',200211,15,341
COOP:486852,'OLD FORT LARAMIE WY US',200212,35,301
COOP:486852,'OLD FORT LARAMIE WY US',200301,40,324
COOP:486852,'OLD FORT LARAMIE WY US',200302,89,238
COOP:486852,'OLD FORT LARAMIE WY US',200303,268,355
COOP:486852,'OLD FORT LARAMIE WY US',200304,202,466
COOP:486852,'OLD FORT LARAMIE WY US',200305,202,546
COOP:486852,'OLD FORT LARAMIE WY US',200306,334,614
COOP:486852,'OLD FORT LARAMIE WY US',200307,105,753
COOP:486852,'OLD FORT LARAMIE WY US',200308,61,731
COOP:486852,'OLD FORT LARAMIE WY US',200309,186,569
COOP:486852,'OLD FORT LARAMIE WY US',200310,36,491
COOP:486852,'OLD FORT LARAMIE WY US',200311,37,306
COOP:486852,'OLD FORT LARAMIE WY US',200312,43,296
COOP:486852,'OLD FORT LARAMIE WY US',200401,7,272
COOP:486852,'OLD FORT LARAMIE WY US',200402,22,289
COOP:486852,'OLD FORT LARAMIE WY US',200403,14,402
COOP:486852,'OLD FORT LARAMIE WY US',200404,75,466
COOP:486852,'OLD FORT LARAMIE WY US',200405,177,553
COOP:486852,'OLD FORT LARAMIE WY US',200406,223,610
COOP:486852,'OLD FORT LARAMIE WY US',200407,358,675
COOP:486852,'OLD FORT LARAMIE WY US',200408,22,629
COOP:486852,'OLD FORT LARAMIE WY US',200409,406,598
COOP:486852,'OLD FORT LARAMIE WY US',200410,183,477
COOP:486852,'OLD FORT LARAMIE WY US',200411,34,340
COOP:486852,'OLD FORT LARAMIE WY US',200412,0,296
COOP:486852,'OLD FORT LARAMIE WY US',200501,48,289
COOP:486852,'OLD FORT LARAMIE WY US',200502,9,324
COOP:486852,'OLD FORT LARAMIE WY US',200503,17,374
COOP:486852,'OLD FORT LARAMIE WY US',200504,143,439
COOP:486852,'OLD FORT LARAMIE WY US',200505,231,523
COOP:486852,'OLD FORT LARAMIE WY US',200506,577,637
COOP:486852,'OLD FORT LARAMIE WY US',200507,262,724
COOP:486852,'OLD FORT LARAMIE WY US',200508,329,675
COOP:486852,'OLD FORT LARAMIE WY US',200509,65,605
COOP:486852,'OLD FORT LARAMIE WY US',200510,123,472
COOP:486852,'OLD FORT LARAMIE WY US',200511,20,388
COOP:486852,'OLD FORT LARAMIE WY US',200512,0,238
COOP:486852,'OLD FORT LARAMIE WY US',200601,0,330
COOP:486852,'OLD FORT LARAMIE WY US',200602,54,251
COOP:486852,'OLD FORT LARAMIE WY US',200603,126,329
COOP:486852,'OLD FORT LARAMIE WY US',200604,20,484
COOP:486852,'OLD FORT LARAMIE WY US',200605,87,551
COOP:486852,'OLD FORT LARAMIE WY US',200606,100,677
COOP:486852,'OLD FORT LARAMIE WY US',200607,29,747
COOP:486852,'OLD FORT LARAMIE WY US',200608,259,708
COOP:486852,'OLD FORT LARAMIE WY US',200609,4,541
COOP:486852,'OLD FORT LARAMIE WY US',200610,46,453
COOP:486852,'OLD FORT LARAMIE WY US',200611,17,345
COOP:486852,'OLD FORT LARAMIE WY US',200612,59,269
COOP:486852,'OLD FORT LARAMIE WY US',200701,14,212
COOP:486852,'OLD FORT LARAMIE WY US',200702,4,268
COOP:486852,'OLD FORT LARAMIE WY US',200703,116,411
COOP:486852,'OLD FORT LARAMIE WY US',200704,107,428
COOP:486852,'OLD FORT LARAMIE WY US',200705,217,561
COOP:486852,'OLD FORT LARAMIE WY US',200706,56,652
COOP:486852,'OLD FORT LARAMIE WY US',200707,128,761
COOP:486852,'OLD FORT LARAMIE WY US',200708,148,730
COOP:486852,'OLD FORT LARAMIE WY US',200709,75,611
COOP:486852,'OLD FORT LARAMIE WY US',200710,179,491
COOP:486852,'OLD FORT LARAMIE WY US',200711,11,368
COOP:486852,'OLD FORT LARAMIE WY US',200712,151,219
COOP:486852,'OLD FORT LARAMIE WY US',200801,7,219
COOP:486852,'OLD FORT LARAMIE WY US',200802,34,284
COOP:486852,'OLD FORT LARAMIE WY US',200803,50,370
COOP:486852,'OLD FORT LARAMIE WY US',200804,86,421
COOP:486852,'OLD FORT LARAMIE WY US',200805,332,522
COOP:486852,'OLD FORT LARAMIE WY US',200806,115,618
COOP:486852,'OLD FORT LARAMIE WY US',200807,112,724
COOP:486852,'OLD FORT LARAMIE WY US',200808,204,693
COOP:486852,'OLD FORT LARAMIE WY US',200809,125,572
COOP:486852,'OLD FORT LARAMIE WY US',200810,93,457
COOP:486852,'OLD FORT LARAMIE WY US',200901,40,280
COOP:486852,'OLD FORT LARAMIE WY US',200902,19,317
COOP:486852,'OLD FORT LARAMIE WY US',200903,59,362
COOP:486852,'OLD FORT LARAMIE WY US',200904,263,413
COOP:486852,'OLD FORT LARAMIE WY US',200905,137,543
COOP:486852,'OLD FORT LARAMIE WY US',200906,341,612
COOP:486852,'OLD FORT LARAMIE WY US',200910,206,382
COOP:486852,'OLD FORT LARAMIE WY US',200911,21,373
COOP:486852,'OLD FORT LARAMIE WY US',200912,83,182
COOP:486852,'OLD FORT LARAMIE WY US',201001,0,246
COOP:486852,'OLD FORT LARAMIE WY US',201002,79,228
COOP:486852,'OLD FORT LARAMIE WY US',201003,98,374
COOP:486852,'OLD FORT LARAMIE WY US',201004,317,452
COOP:486852,'OLD FORT LARAMIE WY US',201005,317,505
COOP:486852,'OLD FORT LARAMIE WY US',201006,461,632
COOP:486852,'OLD FORT LARAMIE WY US',201007,174,689
COOP:486852,'OLD FORT LARAMIE WY US',201008,167,696
COOP:486852,'OLD FORT LARAMIE WY US',201009,0,587
COOP:486852,'OLD FORT LARAMIE WY US',201010,106,494
COOP:486852,'OLD FORT LARAMIE WY US',201011,62,325
COOP:486852,'OLD FORT LARAMIE WY US',201012,72,284
COOP:486852,'OLD FORT LARAMIE WY US',201101,34,253
COOP:486852,'OLD FORT LARAMIE WY US',201102,46,212
COOP:486852,'OLD FORT LARAMIE WY US',201103,37,379
COOP:486852,'OLD FORT LARAMIE WY US',201104,310,435
COOP:486852,'OLD FORT LARAMIE WY US',201105,555,484
COOP:486852,'OLD FORT LARAMIE WY US',201106,187,617
COOP:486852,'OLD FORT LARAMIE WY US',201107,75,726
COOP:486852,'OLD FORT LARAMIE WY US',201108,119,724
COOP:486852,'OLD FORT LARAMIE WY US',201109,11,585
COOP:486852,'OLD FORT LARAMIE WY US',201110,151,468
COOP:486852,'OLD FORT LARAMIE WY US',201111,28,338
COOP:486852,'OLD FORT LARAMIE WY US',201112,51,227
COOP:486852,'OLD FORT LARAMIE WY US',201201,14,279
COOP:486852,'OLD FORT LARAMIE WY US',201203,0,440
COOP:486852,'OLD FORT LARAMIE WY US',201204,61,490
COOP:486852,'OLD FORT LARAMIE WY US',201205,109,547
COOP:486852,'OLD FORT LARAMIE WY US',201206,80,695
COOP:486852,'OLD FORT LARAMIE WY US',201207,131,746
COOP:486852,'OLD FORT LARAMIE WY US',201209,49,613
COOP:486852,'OLD FORT LARAMIE WY US',201210,118,458
COOP:486852,'OLD FORT LARAMIE WY US',201211,10,366
COOP:486852,'OLD FORT LARAMIE WY US',201212,10,262
COOP:486852,'OLD FORT LARAMIE WY US',201301,14,244
COOP:486852,'OLD FORT LARAMIE WY US',201302,41,265
COOP:486852,'OLD FORT LARAMIE WY US',201303,11,341
COOP:486852,'OLD FORT LARAMIE WY US',201304,194,369
COOP:486852,'OLD FORT LARAMIE WY US',201305,161,545
COOP:486852,'OLD FORT LARAMIE WY US',201306,86,650
COOP:486852,'OLD FORT LARAMIE WY US',201307,81,715
COOP:486852,'OLD FORT LARAMIE WY US',201308,104,704
COOP:486852,'OLD FORT LARAMIE WY US',201309,194,628
COOP:486852,'OLD FORT LARAMIE WY US',201310,348,436
COOP:486852,'OLD FORT LARAMIE WY US',201311,44,329
COOP:486852,'OLD FORT LARAMIE WY US',201312,17,237
COOP:486852,'OLD FORT LARAMIE WY US',201401,32,273
COOP:486852,'OLD FORT LARAMIE WY US',201402,89,175
COOP:486852,'OLD FORT LARAMIE WY US',201403,88,353
COOP:486852,'OLD FORT LARAMIE WY US',201404,139,428
COOP:486852,'OLD FORT LARAMIE WY US',201405,249,527
COOP:486852,'OLD FORT LARAMIE WY US',201406,148,612
COOP:486852,'OLD FORT LARAMIE WY US',201407,296,703
COOP:486845,'OLD FAITHFUL WY US',200001,250,152
COOP:486845,'OLD FAITHFUL WY US',200002,204,216
COOP:486845,'OLD FAITHFUL WY US',200003,117,231
COOP:486845,'OLD FAITHFUL WY US',200004,153,353
COOP:486845,'OLD FAITHFUL WY US',200005,446,426
COOP:486845,'OLD FAITHFUL WY US',200006,167,500
COOP:486845,'OLD FAITHFUL WY US',200007,40,576
COOP:486845,'OLD FAITHFUL WY US',200008,152,573
COOP:486845,'OLD FAITHFUL WY US',200009,191,444
COOP:486845,'OLD FAITHFUL WY US',200010,162,368
COOP:486845,'OLD FAITHFUL WY US',200011,81,142
COOP:486845,'OLD FAITHFUL WY US',200012,160,126
COOP:486845,'OLD FAITHFUL WY US',200101,45,120
COOP:486845,'OLD FAITHFUL WY US',200102,119,148
COOP:486845,'OLD FAITHFUL WY US',200103,137,260
COOP:486845,'OLD FAITHFUL WY US',200104,162,321
COOP:486845,'OLD FAITHFUL WY US',200105,185,437
COOP:486845,'OLD FAITHFUL WY US',200106,99,502
COOP:486845,'OLD FAITHFUL WY US',200107,109,584
COOP:486845,'OLD FAITHFUL WY US',200109,24,493
COOP:486845,'OLD FAITHFUL WY US',200111,180,302
COOP:486845,'OLD FAITHFUL WY US',200112,158,131
COOP:486845,'OLD FAITHFUL WY US',200201,172,127
COOP:486845,'OLD FAITHFUL WY US',200202,55,106
COOP:486845,'OLD FAITHFUL WY US',200203,240,189
COOP:486845,'OLD FAITHFUL WY US',200204,279,324
COOP:486845,'OLD FAITHFUL WY US',200205,106,414
COOP:486845,'OLD FAITHFUL WY US',200206,226,509
COOP:486845,'OLD FAITHFUL WY US',200207,111,607
COOP:486845,'OLD FAITHFUL WY US',200208,76,529
COOP:486845,'OLD FAITHFUL WY US',200209,171,470
COOP:486845,'OLD FAITHFUL WY US',200210,256,309
COOP:486845,'OLD FAITHFUL WY US',200211,129,213
COOP:486845,'OLD FAITHFUL WY US',200212,117,159
COOP:486845,'OLD FAITHFUL WY US',200301,164,211
COOP:486845,'OLD FAITHFUL WY US',200302,141,129
COOP:486845,'OLD FAITHFUL WY US',200303,209,250
COOP:486845,'OLD FAITHFUL WY US',200304,316,332
COOP:486845,'OLD FAITHFUL WY US',200307,23,604
COOP:486845,'OLD FAITHFUL WY US',200308,84,585
COOP:486845,'OLD FAITHFUL WY US',200309,132,453
COOP:486845,'OLD FAITHFUL WY US',200310,95,398
COOP:486845,'OLD FAITHFUL WY US',200311,177,168
COOP:486845,'OLD FAITHFUL WY US',200312,449,177
COOP:486845,'OLD FAITHFUL WY US',200401,293,144
COOP:486845,'OLD FAITHFUL WY US',200402,108,143
COOP:486845,'OLD FAITHFUL WY US',200403,50,288
COOP:486845,'OLD FAITHFUL WY US',200404,193,365
COOP:486845,'OLD FAITHFUL WY US',200405,427,408
COOP:486845,'OLD FAITHFUL WY US',200406,331,495
COOP:486845,'OLD FAITHFUL WY US',200407,197,568
COOP:486845,'OLD FAITHFUL WY US',200408,353,532
COOP:486845,'OLD FAITHFUL WY US',200409,179,453
COOP:486845,'OLD FAITHFUL WY US',200410,238,366
COOP:486845,'OLD FAITHFUL WY US',200411,35,241
COOP:486845,'OLD FAITHFUL WY US',200412,168,183
COOP:486845,'OLD FAITHFUL WY US',200501,210,193
COOP:486845,'OLD FAITHFUL WY US',200502,79,150
COOP:486845,'OLD FAITHFUL WY US',200503,229,242
COOP:486845,'OLD FAITHFUL WY US',200504,98,314
COOP:486845,'OLD FAITHFUL WY US',200506,370,476
COOP:486845,'OLD FAITHFUL WY US',200507,70,580
COOP:486845,'OLD FAITHFUL WY US',200508,437,547
COOP:486845,'OLD FAITHFUL WY US',200509,133,457
COOP:486845,'OLD FAITHFUL WY US',200510,189,386
COOP:486845,'OLD FAITHFUL WY US',200511,458,224
COOP:486845,'OLD FAITHFUL WY US',200512,172,134
COOP:486845,'OLD FAITHFUL WY US',200601,280,164
COOP:486845,'OLD FAITHFUL WY US',200602,71,125
COOP:486845,'OLD FAITHFUL WY US',200603,202,210
COOP:486845,'OLD FAITHFUL WY US',200604,338,353
COOP:486845,'OLD FAITHFUL WY US',200605,169,435
COOP:486845,'OLD FAITHFUL WY US',200606,261,520
COOP:486845,'OLD FAITHFUL WY US',200607,149,607
COOP:486845,'OLD FAITHFUL WY US',200608,79,540
COOP:486845,'OLD FAITHFUL WY US',200609,105,455
COOP:486845,'OLD FAITHFUL WY US',200610,235,337
COOP:486845,'OLD FAITHFUL WY US',200611,267,245
COOP:486845,'OLD FAITHFUL WY US',200612,235,131
COOP:486845,'OLD FAITHFUL WY US',200701,160,73
COOP:486845,'OLD FAITHFUL WY US',200702,294,211
COOP:486845,'OLD FAITHFUL WY US',200703,70,295
COOP:486845,'OLD FAITHFUL WY US',200704,194,350
COOP:486845,'OLD FAITHFUL WY US',200705,75,437
COOP:486845,'OLD FAITHFUL WY US',200706,84,520
COOP:486845,'OLD FAITHFUL WY US',200707,121,626
COOP:486845,'OLD FAITHFUL WY US',200708,190,567
COOP:486845,'OLD FAITHFUL WY US',200709,172,477
COOP:486845,'OLD FAITHFUL WY US',200710,422,360
COOP:486845,'OLD FAITHFUL WY US',200711,186,243
COOP:486845,'OLD FAITHFUL WY US',200712,252,120
COOP:486845,'OLD FAITHFUL WY US',200801,336,84
COOP:486845,'OLD FAITHFUL WY US',200802,136,147
COOP:486845,'OLD FAITHFUL WY US',200803,340,177
COOP:486845,'OLD FAITHFUL WY US',200804,108,243
COOP:486845,'OLD FAITHFUL WY US',200805,413,388
COOP:486845,'OLD FAITHFUL WY US',200806,284,473
COOP:486845,'OLD FAITHFUL WY US',200807,24,576
COOP:486845,'OLD FAITHFUL WY US',200808,23,554
COOP:486845,'OLD FAITHFUL WY US',200809,84,449
COOP:486845,'OLD FAITHFUL WY US',200810,103,362
COOP:486845,'OLD FAITHFUL WY US',200811,252,285
COOP:486845,'OLD FAITHFUL WY US',200812,336,128
COOP:486845,'OLD FAITHFUL WY US',200901,175,144
COOP:486845,'OLD FAITHFUL WY US',200902,98,173
COOP:486845,'OLD FAITHFUL WY US',200903,318,211
COOP:486845,'OLD FAITHFUL WY US',200904,393,291
COOP:486845,'OLD FAITHFUL WY US',200906,409,475
COOP:486845,'OLD FAITHFUL WY US',200907,84,555
COOP:486845,'OLD FAITHFUL WY US',200908,159,540
COOP:486845,'OLD FAITHFUL WY US',200909,57,510
COOP:486845,'OLD FAITHFUL WY US',200910,279,292
COOP:486845,'OLD FAITHFUL WY US',200911,69,237
COOP:486845,'OLD FAITHFUL WY US',201001,132,163
COOP:486845,'OLD FAITHFUL WY US',201002,25,155
COOP:486845,'OLD FAITHFUL WY US',201003,102,249
COOP:486845,'OLD FAITHFUL WY US',201004,328,295
COOP:486845,'OLD FAITHFUL WY US',201005,277,360
COOP:486845,'OLD FAITHFUL WY US',201006,470,485
COOP:486845,'OLD FAITHFUL WY US',201007,78,551
COOP:486845,'OLD FAITHFUL WY US',201008,165,542
COOP:486845,'OLD FAITHFUL WY US',201009,50,474
COOP:486845,'OLD FAITHFUL WY US',201010,193,396
COOP:486845,'OLD FAITHFUL WY US',201011,416,211
COOP:486845,'OLD FAITHFUL WY US',201012,376,164
COOP:486845,'OLD FAITHFUL WY US',201104,319,274
COOP:486845,'OLD FAITHFUL WY US',201105,432,374
COOP:486845,'OLD FAITHFUL WY US',201106,290,464
COOP:486845,'OLD FAITHFUL WY US',201107,148,570
COOP:486845,'OLD FAITHFUL WY US',201108,65,565
COOP:486845,'OLD FAITHFUL WY US',201109,76,496
COOP:486845,'OLD FAITHFUL WY US',201110,348,387
COOP:486845,'OLD FAITHFUL WY US',201111,306,198
COOP:486845,'OLD FAITHFUL WY US',201112,190,117
COOP:486845,'OLD FAITHFUL WY US',201201,217,170
COOP:486845,'OLD FAITHFUL WY US',201202,174,158
COOP:486845,'OLD FAITHFUL WY US',201203,448,274
COOP:486845,'OLD FAITHFUL WY US',201204,295,364
COOP:486845,'OLD FAITHFUL WY US',201205,243,417
COOP:486845,'OLD FAITHFUL WY US',201206,86,494
COOP:486845,'OLD FAITHFUL WY US',201207,121,606
COOP:486845,'OLD FAITHFUL WY US',201208,60,578
COOP:486845,'OLD FAITHFUL WY US',201209,213,485
COOP:486845,'OLD FAITHFUL WY US',201210,264,354
COOP:486845,'OLD FAITHFUL WY US',201211,131,283
COOP:486845,'OLD FAITHFUL WY US',201212,429,150
COOP:486845,'OLD FAITHFUL WY US',201301,168,101
COOP:486845,'OLD FAITHFUL WY US',201302,49,154
COOP:486845,'OLD FAITHFUL WY US',201304,246,290
COOP:486845,'OLD FAITHFUL WY US',201305,127,431
COOP:486845,'OLD FAITHFUL WY US',201306,98,500
COOP:486845,'OLD FAITHFUL WY US',201307,65,608
COOP:486845,'OLD FAITHFUL WY US',201308,97,589
COOP:486845,'OLD FAITHFUL WY US',201310,123,341
COOP:486845,'OLD FAITHFUL WY US',201311,247,236
COOP:486845,'OLD FAITHFUL WY US',201312,204,108
COOP:486845,'OLD FAITHFUL WY US',201401,189,142
COOP:486845,'OLD FAITHFUL WY US',201402,290,144
COOP:486845,'OLD FAITHFUL WY US',201403,643,224
COOP:486845,'OLD FAITHFUL WY US',201404,305,305
COOP:486845,'OLD FAITHFUL WY US',201405,244,430
COOP:486845,'OLD FAITHFUL WY US',201406,321,478
COOP:486845,'OLD FAITHFUL WY US',201407,37,590
COOP:485390,'LANDER HUNT FIELD AIRPORT WY US',200001,2,276
COOP:485390,'LANDER HUNT FIELD AIRPORT WY US',200002,25,331
COOP:485390,'LANDER HUNT FIELD AIRPORT WY US',200003,76,370
COOP:485390,'LANDER HUNT FIELD AIRPORT WY US',200004,171,473
COOP:485390,'LANDER HUNT FIELD AIRPORT WY US',200005,171,559
COOP:485390,'LANDER HUNT FIELD AIRPORT WY US',200006,66,630
COOP:485390,'LANDER HUNT FIELD AIRPORT WY US',200007,20,734
COOP:485390,'LANDER HUNT FIELD AIRPORT WY US',200008,43,729
COOP:485390,'LANDER HUNT FIELD AIRPORT WY US',200009,103,574
COOP:485390,'LANDER HUNT FIELD AIRPORT WY US',200010,113,457
COOP:485390,'LANDER HUNT FIELD AIRPORT WY US',200011,48,160
COOP:485390,'LANDER HUNT FIELD AIRPORT WY US',200012,23,187
COOP:485390,'LANDER HUNT FIELD AIRPORT WY US',200101,14,180
COOP:485390,'LANDER HUNT FIELD AIRPORT WY US',200102,54,186
COOP:485390,'LANDER HUNT FIELD AIRPORT WY US',200103,42,361
COOP:485390,'LANDER HUNT FIELD AIRPORT WY US',200104,107,458
COOP:485390,'LANDER HUNT FIELD AIRPORT WY US',200105,50,564
COOP:485390,'LANDER HUNT FIELD AIRPORT WY US',200106,19,659
COOP:485390,'LANDER HUNT FIELD AIRPORT WY US',200107,7,744
COOP:485390,'LANDER HUNT FIELD AIRPORT WY US',200108,45,729
COOP:485390,'LANDER HUNT FIELD AIRPORT WY US',200109,129,631
COOP:485390,'LANDER HUNT FIELD AIRPORT WY US',200110,9,471
COOP:485390,'LANDER HUNT FIELD AIRPORT WY US',200111,45,355
COOP:485390,'LANDER HUNT FIELD AIRPORT WY US',200112,17,216
COOP:485390,'LANDER HUNT FIELD AIRPORT WY US',200201,28,219
COOP:485390,'LANDER HUNT FIELD AIRPORT WY US',200202,20,247
COOP:485390,'LANDER HUNT FIELD AIRPORT WY US',200203,61,280
COOP:485390,'LANDER HUNT FIELD AIRPORT WY US',200204,127,435
COOP:485390,'LANDER HUNT FIELD AIRPORT WY US',200205,168,522
COOP:485390,'LANDER HUNT FIELD AIRPORT WY US',200206,25,664
COOP:485390,'LANDER HUNT FIELD AIRPORT WY US',200207,98,749
COOP:485390,'LANDER HUNT FIELD AIRPORT WY US',200208,7,673
COOP:485390,'LANDER HUNT FIELD AIRPORT WY US',200209,37,600
COOP:485390,'LANDER HUNT FIELD AIRPORT WY US',200210,172,394
COOP:485390,'LANDER HUNT FIELD AIRPORT WY US',200211,48,297
COOP:485390,'LANDER HUNT FIELD AIRPORT WY US',200212,18,217
COOP:485390,'LANDER HUNT FIELD AIRPORT WY US',200301,32,283
COOP:485390,'LANDER HUNT FIELD AIRPORT WY US',200302,110,181
COOP:485390,'LANDER HUNT FIELD AIRPORT WY US',200303,95,366
COOP:485390,'LANDER HUNT FIELD AIRPORT WY US',200304,88,477
COOP:485390,'LANDER HUNT FIELD AIRPORT WY US',200305,128,544
COOP:485390,'LANDER HUNT FIELD AIRPORT WY US',200306,170,606
COOP:485390,'LANDER HUNT FIELD AIRPORT WY US',200307,43,760
COOP:485390,'LANDER HUNT FIELD AIRPORT WY US',200308,74,735
COOP:485390,'LANDER HUNT FIELD AIRPORT WY US',200309,106,568
COOP:485390,'LANDER HUNT FIELD AIRPORT WY US',200310,91,504
COOP:485390,'LANDER HUNT FIELD AIRPORT WY US',200311,7,241
COOP:485390,'LANDER HUNT FIELD AIRPORT WY US',200312,82,253
COOP:485390,'LANDER HUNT FIELD AIRPORT WY US',200401,10,192
COOP:485390,'LANDER HUNT FIELD AIRPORT WY US',200402,154,230
COOP:485390,'LANDER HUNT FIELD AIRPORT WY US',200403,2,380
COOP:485390,'LANDER HUNT FIELD AIRPORT WY US',200404,348,445
COOP:485390,'LANDER HUNT FIELD AIRPORT WY US',200405,67,532
COOP:485390,'LANDER HUNT FIELD AIRPORT WY US',200406,168,611
COOP:485390,'LANDER HUNT FIELD AIRPORT WY US',200407,112,687
COOP:485390,'LANDER HUNT FIELD AIRPORT WY US',200408,238,662
COOP:485390,'LANDER HUNT FIELD AIRPORT WY US',200409,108,587
COOP:485390,'LANDER HUNT FIELD AIRPORT WY US',200410,122,469
COOP:485390,'LANDER HUNT FIELD AIRPORT WY US',200411,40,323
COOP:485390,'LANDER HUNT FIELD AIRPORT WY US',200412,18,270
COOP:485390,'LANDER HUNT FIELD AIRPORT WY US',200501,80,237
COOP:485390,'LANDER HUNT FIELD AIRPORT WY US',200502,5,303
COOP:485390,'LANDER HUNT FIELD AIRPORT WY US',200503,94,371
COOP:485390,'LANDER HUNT FIELD AIRPORT WY US',200504,166,442
COOP:485390,'LANDER HUNT FIELD AIRPORT WY US',200505,434,522
COOP:485390,'LANDER HUNT FIELD AIRPORT WY US',200506,31,616
COOP:485390,'LANDER HUNT FIELD AIRPORT WY US',200507,36,742
COOP:485390,'LANDER HUNT FIELD AIRPORT WY US',200508,54,681
COOP:485390,'LANDER HUNT FIELD AIRPORT WY US',200509,41,604
COOP:485390,'LANDER HUNT FIELD AIRPORT WY US',200510,188,484
COOP:485390,'LANDER HUNT FIELD AIRPORT WY US',200511,41,354
COOP:485390,'LANDER HUNT FIELD AIRPORT WY US',200512,39,209
COOP:485390,'LANDER HUNT FIELD AIRPORT WY US',200601,14,303
COOP:485390,'LANDER HUNT FIELD AIRPORT WY US',200602,89,237
COOP:485390,'LANDER HUNT FIELD AIRPORT WY US',200603,74,343
COOP:485390,'LANDER HUNT FIELD AIRPORT WY US',200604,125,472
COOP:485390,'LANDER HUNT FIELD AIRPORT WY US',200605,6,565
COOP:485390,'LANDER HUNT FIELD AIRPORT WY US',200606,3,688
COOP:485390,'LANDER HUNT FIELD AIRPORT WY US',200607,15,759
COOP:485390,'LANDER HUNT FIELD AIRPORT WY US',200608,29,702
COOP:485390,'LANDER HUNT FIELD AIRPORT WY US',200609,130,566
COOP:485390,'LANDER HUNT FIELD AIRPORT WY US',200610,181,441
COOP:485390,'LANDER HUNT FIELD AIRPORT WY US',200611,42,356
COOP:485390,'LANDER HUNT FIELD AIRPORT WY US',200612,34,263
COOP:485390,'LANDER HUNT FIELD AIRPORT WY US',200701,67,145
COOP:485390,'LANDER HUNT FIELD AIRPORT WY US',200702,18,299
COOP:485390,'LANDER HUNT FIELD AIRPORT WY US',200703,170,422
COOP:485390,'LANDER HUNT FIELD AIRPORT WY US',200704,19,450
COOP:485390,'LANDER HUNT FIELD AIRPORT WY US',200705,193,547
COOP:485390,'LANDER HUNT FIELD AIRPORT WY US',200706,63,669
COOP:485390,'LANDER HUNT FIELD AIRPORT WY US',200707,77,756
COOP:485390,'LANDER HUNT FIELD AIRPORT WY US',200708,78,717
COOP:485390,'LANDER HUNT FIELD AIRPORT WY US',200709,66,595
COOP:485390,'LANDER HUNT FIELD AIRPORT WY US',200710,94,478
COOP:485390,'LANDER HUNT FIELD AIRPORT WY US',200711,17,356
COOP:485390,'LANDER HUNT FIELD AIRPORT WY US',200712,177,158
COOP:485390,'LANDER HUNT FIELD AIRPORT WY US',200801,21,150
COOP:485390,'LANDER HUNT FIELD AIRPORT WY US',200802,69,254
COOP:485390,'LANDER HUNT FIELD AIRPORT WY US',200803,58,329
COOP:485390,'LANDER HUNT FIELD AIRPORT WY US',200804,90,410
COOP:485390,'LANDER HUNT FIELD AIRPORT WY US',200805,613,507
COOP:485390,'LANDER HUNT FIELD AIRPORT WY US',200806,82,610
COOP:485390,'LANDER HUNT FIELD AIRPORT WY US',200807,21,735
COOP:485390,'LANDER HUNT FIELD AIRPORT WY US',200808,84,704
COOP:485390,'LANDER HUNT FIELD AIRPORT WY US',200809,80,570
COOP:485390,'LANDER HUNT FIELD AIRPORT WY US',200810,221,446
COOP:485390,'LANDER HUNT FIELD AIRPORT WY US',200811,21,387
COOP:485390,'LANDER HUNT FIELD AIRPORT WY US',200812,54,216
COOP:485390,'LANDER HUNT FIELD AIRPORT WY US',200901,24,280
COOP:485390,'LANDER HUNT FIELD AIRPORT WY US',200902,0,318
COOP:485390,'LANDER HUNT FIELD AIRPORT WY US',200903,203,332
COOP:485390,'LANDER HUNT FIELD AIRPORT WY US',200904,361,417
COOP:485390,'LANDER HUNT FIELD AIRPORT WY US',200905,64,553
COOP:485390,'LANDER HUNT FIELD AIRPORT WY US',200906,322,584
COOP:485390,'LANDER HUNT FIELD AIRPORT WY US',200907,185,686
COOP:485390,'LANDER HUNT FIELD AIRPORT WY US',200908,69,671
COOP:485390,'LANDER HUNT FIELD AIRPORT WY US',200909,71,626
COOP:485390,'LANDER HUNT FIELD AIRPORT WY US',200910,241,372
COOP:485390,'LANDER HUNT FIELD AIRPORT WY US',200911,1,360
COOP:485390,'LANDER HUNT FIELD AIRPORT WY US',200912,79,116
COOP:485390,'LANDER HUNT FIELD AIRPORT WY US',201001,37,173
COOP:485390,'LANDER HUNT FIELD AIRPORT WY US',201002,76,216
COOP:485390,'LANDER HUNT FIELD AIRPORT WY US',201003,187,364
COOP:485390,'LANDER HUNT FIELD AIRPORT WY US',201004,229,426
COOP:485390,'LANDER HUNT FIELD AIRPORT WY US',201005,470,468
COOP:485390,'LANDER HUNT FIELD AIRPORT WY US',201006,192,612
COOP:485390,'LANDER HUNT FIELD AIRPORT WY US',201007,63,707
COOP:485390,'LANDER HUNT FIELD AIRPORT WY US',201008,23,698
COOP:485390,'LANDER HUNT FIELD AIRPORT WY US',201009,2,621
COOP:485390,'LANDER HUNT FIELD AIRPORT WY US',201010,18,518
COOP:485390,'LANDER HUNT FIELD AIRPORT WY US',201011,75,327
COOP:485390,'LANDER HUNT FIELD AIRPORT WY US',201012,78,265
COOP:485390,'LANDER HUNT FIELD AIRPORT WY US',201101,59,227
COOP:485390,'LANDER HUNT FIELD AIRPORT WY US',201102,139,186
COOP:485390,'LANDER HUNT FIELD AIRPORT WY US',201103,28,371
COOP:485390,'LANDER HUNT FIELD AIRPORT WY US',201104,110,418
COOP:485390,'LANDER HUNT FIELD AIRPORT WY US',201105,679,479
COOP:485390,'LANDER HUNT FIELD AIRPORT WY US',201106,55,609
COOP:485390,'LANDER HUNT FIELD AIRPORT WY US',201107,7,733
COOP:485390,'LANDER HUNT FIELD AIRPORT WY US',201108,13,727
COOP:485390,'LANDER HUNT FIELD AIRPORT WY US',201109,66,619
COOP:485390,'LANDER HUNT FIELD AIRPORT WY US',201110,190,492
COOP:485390,'LANDER HUNT FIELD AIRPORT WY US',201111,99,323
COOP:485390,'LANDER HUNT FIELD AIRPORT WY US',201112,97,166
COOP:485390,'LANDER HUNT FIELD AIRPORT WY US',201201,44,276
COOP:485390,'LANDER HUNT FIELD AIRPORT WY US',201202,87,260
COOP:485390,'LANDER HUNT FIELD AIRPORT WY US',201203,36,442
COOP:485390,'LANDER HUNT FIELD AIRPORT WY US',201204,102,494
COOP:485390,'LANDER HUNT FIELD AIRPORT WY US',201205,184,547
COOP:485390,'LANDER HUNT FIELD AIRPORT WY US',201206,4,682
COOP:485390,'LANDER HUNT FIELD AIRPORT WY US',201207,8,755
COOP:485390,'LANDER HUNT FIELD AIRPORT WY US',201208,3,729
COOP:485390,'LANDER HUNT FIELD AIRPORT WY US',201209,35,632
COOP:485390,'LANDER HUNT FIELD AIRPORT WY US',201210,68,453
COOP:485390,'LANDER HUNT FIELD AIRPORT WY US',201211,49,378
COOP:485390,'LANDER HUNT FIELD AIRPORT WY US',201212,40,237
COOP:485390,'LANDER HUNT FIELD AIRPORT WY US',201301,70,185
COOP:485390,'LANDER HUNT FIELD AIRPORT WY US',201302,128,234
COOP:485390,'LANDER HUNT FIELD AIRPORT WY US',201303,42,361
COOP:485390,'LANDER HUNT FIELD AIRPORT WY US',201304,314,381
COOP:485390,'LANDER HUNT FIELD AIRPORT WY US',201305,198,549
COOP:485390,'LANDER HUNT FIELD AIRPORT WY US',201306,5,667
COOP:485390,'LANDER HUNT FIELD AIRPORT WY US',201307,28,742
COOP:485390,'LANDER HUNT FIELD AIRPORT WY US',201308,1,732
COOP:485390,'LANDER HUNT FIELD AIRPORT WY US',201309,378,605
COOP:485390,'LANDER HUNT FIELD AIRPORT WY US',201310,308,405
COOP:485390,'LANDER HUNT FIELD AIRPORT WY US',201311,13,333
COOP:485390,'LANDER HUNT FIELD AIRPORT WY US',201312,69,201
COOP:485390,'LANDER HUNT FIELD AIRPORT WY US',201401,61,247
COOP:485390,'LANDER HUNT FIELD AIRPORT WY US',201402,19,211
COOP:485390,'LANDER HUNT FIELD AIRPORT WY US',201403,118,359
COOP:485390,'LANDER HUNT FIELD AIRPORT WY US',201404,70,441
COOP:485390,'LANDER HUNT FIELD AIRPORT WY US',201405,151,546
COOP:485390,'LANDER HUNT FIELD AIRPORT WY US',201406,60,611
COOP:485390,'LANDER HUNT FIELD AIRPORT WY US',201407,62,725
COOP:485392,'LANDER 1 N WY US',200001,2,266
COOP:485392,'LANDER 1 N WY US',200002,31,308
COOP:485392,'LANDER 1 N WY US',200003,89,359
COOP:485392,'LANDER 1 N WY US',200004,156,450
COOP:485392,'LANDER 1 N WY US',200005,166,547
COOP:485392,'LANDER 1 N WY US',200006,60,597
COOP:485392,'LANDER 1 N WY US',200007,29,685
COOP:485392,'LANDER 1 N WY US',200009,100,556
COOP:485392,'LANDER 1 N WY US',200010,72,453
COOP:485392,'LANDER 1 N WY US',200011,94,170
COOP:485392,'LANDER 1 N WY US',200012,19,156
COOP:485392,'LANDER 1 N WY US',200101,18,184
COOP:485392,'LANDER 1 N WY US',200102,85,179
COOP:485392,'LANDER 1 N WY US',200103,46,355
COOP:485392,'LANDER 1 N WY US',200104,110,443
COOP:485392,'LANDER 1 N WY US',200105,54,553
COOP:485392,'LANDER 1 N WY US',200106,18,636
COOP:485392,'LANDER 1 N WY US',200107,25,705
COOP:485392,'LANDER 1 N WY US',200108,41,686
COOP:485392,'LANDER 1 N WY US',200109,89,594
COOP:485392,'LANDER 1 N WY US',200110,8,448
COOP:485392,'LANDER 1 N WY US',200111,54,342
COOP:485392,'LANDER 1 N WY US',200112,30,216
COOP:485392,'LANDER 1 N WY US',200201,44,211
COOP:485392,'LANDER 1 N WY US',200203,120,290
COOP:485392,'LANDER 1 N WY US',200204,189,440
COOP:485392,'LANDER 1 N WY US',200205,133,520
COOP:485392,'LANDER 1 N WY US',200206,14,644
COOP:485392,'LANDER 1 N WY US',200207,95,718
COOP:485392,'LANDER 1 N WY US',200208,12,653
COOP:485392,'LANDER 1 N WY US',200209,42,576
COOP:485392,'LANDER 1 N WY US',200210,174,385
COOP:485392,'LANDER 1 N WY US',200211,49,293
COOP:485392,'LANDER 1 N WY US',200212,22,195
COOP:485392,'LANDER 1 N WY US',200301,37,275
COOP:485392,'LANDER 1 N WY US',200302,155,174
COOP:485392,'LANDER 1 N WY US',200303,157,351
COOP:485392,'LANDER 1 N WY US',200304,33,461
COOP:485392,'LANDER 1 N WY US',200305,204,528
COOP:485392,'LANDER 1 N WY US',200306,217,584
COOP:485392,'LANDER 1 N WY US',200307,22,716
COOP:485392,'LANDER 1 N WY US',200308,92,690
COOP:485392,'LANDER 1 N WY US',200309,134,550
COOP:485392,'LANDER 1 N WY US',200310,107,482
COOP:485392,'LANDER 1 N WY US',200311,17,240
COOP:485392,'LANDER 1 N WY US',200312,105,242
COOP:485392,'LANDER 1 N WY US',200401,13,172
COOP:485392,'LANDER 1 N WY US',200402,233,212
COOP:485392,'LANDER 1 N WY US',200403,8,363
COOP:485392,'LANDER 1 N WY US',200404,384,442
COOP:485392,'LANDER 1 N WY US',200405,53,516
COOP:485392,'LANDER 1 N WY US',200406,210,596
COOP:485392,'LANDER 1 N WY US',200407,105,659
COOP:485392,'LANDER 1 N WY US',200408,189,624
COOP:485392,'LANDER 1 N WY US',200409,82,558
COOP:485392,'LANDER 1 N WY US',200410,119,443
COOP:485392,'LANDER 1 N WY US',200411,108,293
COOP:485392,'LANDER 1 N WY US',200412,10,221
COOP:485392,'LANDER 1 N WY US',200503,85,349
COOP:485392,'LANDER 1 N WY US',200504,156,420
COOP:485392,'LANDER 1 N WY US',200505,394,502
COOP:485392,'LANDER 1 N WY US',200506,27,586
COOP:485392,'LANDER 1 N WY US',200507,28,690
COOP:485392,'LANDER 1 N WY US',200508,53,646
COOP:485392,'LANDER 1 N WY US',200509,36,565
COOP:485392,'LANDER 1 N WY US',200510,132,465
COOP:485392,'LANDER 1 N WY US',200511,34,332
COOP:485392,'LANDER 1 N WY US',200512,38,181
COOP:485392,'LANDER 1 N WY US',200602,67,202
COOP:485392,'LANDER 1 N WY US',200603,70,317
COOP:485392,'LANDER 1 N WY US',200604,111,452
COOP:485392,'LANDER 1 N WY US',200605,8,535
COOP:485392,'LANDER 1 N WY US',200606,1,645
COOP:485392,'LANDER 1 N WY US',200607,3,712
COOP:485392,'LANDER 1 N WY US',200608,30,661
COOP:485392,'LANDER 1 N WY US',200609,78,533
COOP:485392,'LANDER 1 N WY US',200610,148,436
COOP:485392,'LANDER 1 N WY US',200611,29,340
COOP:485392,'LANDER 1 N WY US',200612,27,226
COOP:485392,'LANDER 1 N WY US',200701,83,118
COOP:485392,'LANDER 1 N WY US',200702,12,269
COOP:485392,'LANDER 1 N WY US',200703,164,399
COOP:485392,'LANDER 1 N WY US',200704,10,425
COOP:485392,'LANDER 1 N WY US',200705,204,530
COOP:485392,'LANDER 1 N WY US',200706,64,630
COOP:485392,'LANDER 1 N WY US',200707,50,716
COOP:485392,'LANDER 1 N WY US',200708,82,683
COOP:485392,'LANDER 1 N WY US',200709,74,563
COOP:485392,'LANDER 1 N WY US',200710,91,455
COOP:485392,'LANDER 1 N WY US',200711,16,330
COOP:485392,'LANDER 1 N WY US',200712,157,112
COOP:485392,'LANDER 1 N WY US',200801,20,96
COOP:485392,'LANDER 1 N WY US',200802,65,219
COOP:485392,'LANDER 1 N WY US',200803,45,308
COOP:485392,'LANDER 1 N WY US',200804,56,372
COOP:485392,'LANDER 1 N WY US',200805,599,489
COOP:485392,'LANDER 1 N WY US',200806,59,578
COOP:485392,'LANDER 1 N WY US',200807,12,681
COOP:485392,'LANDER 1 N WY US',200808,60,658
COOP:485392,'LANDER 1 N WY US',200809,90,531
COOP:485392,'LANDER 1 N WY US',200810,202,432
COOP:485392,'LANDER 1 N WY US',200811,17,352
COOP:485392,'LANDER 1 N WY US',200812,43,184
COOP:485392,'LANDER 1 N WY US',200901,18,261
COOP:485392,'LANDER 1 N WY US',200902,0,283
COOP:485392,'LANDER 1 N WY US',200903,180,294
COOP:485392,'LANDER 1 N WY US',200904,349,406
COOP:485392,'LANDER 1 N WY US',200905,31,525
COOP:485392,'LANDER 1 N WY US',200906,294,563
COOP:485392,'LANDER 1 N WY US',200907,141,655
COOP:485392,'LANDER 1 N WY US',200908,118,632
COOP:485392,'LANDER 1 N WY US',200909,34,586
COOP:485392,'LANDER 1 N WY US',200910,260,358
COOP:485392,'LANDER 1 N WY US',200911,0,331
COOP:485392,'LANDER 1 N WY US',201001,31,124
COOP:485392,'LANDER 1 N WY US',201002,76,179
COOP:485392,'LANDER 1 N WY US',201003,127,335
COOP:485392,'LANDER 1 N WY US',201004,251,409
COOP:485392,'LANDER 1 N WY US',201005,433,449
COOP:485392,'LANDER 1 N WY US',201006,179,588
COOP:485392,'LANDER 1 N WY US',201007,42,667
COOP:485392,'LANDER 1 N WY US',201008,38,656
COOP:485392,'LANDER 1 N WY US',201009,0,568
COOP:485392,'LANDER 1 N WY US',201010,11,483
COOP:485392,'LANDER 1 N WY US',201011,55,337
COOP:485392,'LANDER 1 N WY US',201012,50,241
COOP:485392,'LANDER 1 N WY US',201202,90,248
COOP:485392,'LANDER 1 N WY US',201203,24,406
COOP:485392,'LANDER 1 N WY US',201204,79,478
COOP:485392,'LANDER 1 N WY US',201205,108,521
COOP:485392,'LANDER 1 N WY US',201206,2,656
COOP:485392,'LANDER 1 N WY US',201207,16,710
COOP:485392,'LANDER 1 N WY US',201208,8,670
COOP:485392,'LANDER 1 N WY US',201209,32,586
COOP:485392,'LANDER 1 N WY US',201210,41,428
COOP:485392,'LANDER 1 N WY US',201211,49,359
COOP:485392,'LANDER 1 N WY US',201212,37,220
COOP:485392,'LANDER 1 N WY US',201301,59,123
COOP:485392,'LANDER 1 N WY US',201302,104,206
COOP:485392,'LANDER 1 N WY US',201304,227,365
COOP:485392,'LANDER 1 N WY US',201305,222,528
COOP:485392,'LANDER 1 N WY US',201306,11,630
COOP:485392,'LANDER 1 N WY US',201307,16,699
COOP:485392,'LANDER 1 N WY US',201308,2,683
COOP:485392,'LANDER 1 N WY US',201310,218,392
COOP:485392,'LANDER 1 N WY US',201311,10,305
COOP:485392,'LANDER 1 N WY US',201312,49,165
COOP:485392,'LANDER 1 N WY US',201405,130,532
COOP:485392,'LANDER 1 N WY US',201406,64,583
COOP:485392,'LANDER 1 N WY US',201407,70,678
COOP:485374,'LANCE CREEK 8 N WY US',200512,8,241
COOP:485374,'LANCE CREEK 8 N WY US',200601,6,352
COOP:485374,'LANCE CREEK 8 N WY US',200602,47,249
COOP:485374,'LANCE CREEK 8 N WY US',200603,192,339
COOP:485374,'LANCE CREEK 8 N WY US',200604,116,490
COOP:485374,'LANCE CREEK 8 N WY US',200605,193,561
COOP:485374,'LANCE CREEK 8 N WY US',200606,98,698
COOP:485374,'LANCE CREEK 8 N WY US',200607,74,777
COOP:485374,'LANCE CREEK 8 N WY US',200608,86,724
COOP:485374,'LANCE CREEK 8 N WY US',200609,156,565
COOP:485374,'LANCE CREEK 8 N WY US',200610,37,452
COOP:485374,'LANCE CREEK 8 N WY US',200611,14,359
COOP:485374,'LANCE CREEK 8 N WY US',200612,35,290
COOP:485374,'LANCE CREEK 8 N WY US',200701,18,215
COOP:485374,'LANCE CREEK 8 N WY US',200702,16,248
COOP:485374,'LANCE CREEK 8 N WY US',200703,60,427
COOP:485374,'LANCE CREEK 8 N WY US',200704,182,436
COOP:485374,'LANCE CREEK 8 N WY US',200705,185,585
COOP:485374,'LANCE CREEK 8 N WY US',200706,52,681
COOP:485374,'LANCE CREEK 8 N WY US',200707,84,786
COOP:485374,'LANCE CREEK 8 N WY US',200708,198,747
COOP:485374,'LANCE CREEK 8 N WY US',200709,80,631
COOP:485374,'LANCE CREEK 8 N WY US',200710,101,491
COOP:485374,'LANCE CREEK 8 N WY US',200711,8,371
COOP:485374,'LANCE CREEK 8 N WY US',200712,37,207
COOP:485374,'LANCE CREEK 8 N WY US',200801,15,201
COOP:485374,'LANCE CREEK 8 N WY US',200802,28,276
COOP:485374,'LANCE CREEK 8 N WY US',200803,40,357
COOP:485374,'LANCE CREEK 8 N WY US',200804,37,421
COOP:485374,'LANCE CREEK 8 N WY US',200805,515,516
COOP:485374,'LANCE CREEK 8 N WY US',200806,108,628
COOP:485374,'LANCE CREEK 8 N WY US',200807,146,745
COOP:485374,'LANCE CREEK 8 N WY US',200808,20,723
COOP:485374,'LANCE CREEK 8 N WY US',200809,87,592
COOP:485374,'LANCE CREEK 8 N WY US',200810,79,467
COOP:485374,'LANCE CREEK 8 N WY US',200811,22,390
COOP:485374,'LANCE CREEK 8 N WY US',200812,21,197
COOP:485374,'LANCE CREEK 8 N WY US',200901,60,261
COOP:485374,'LANCE CREEK 8 N WY US',200902,15,316
COOP:485374,'LANCE CREEK 8 N WY US',200903,88,345
COOP:485374,'LANCE CREEK 8 N WY US',200904,387,417
COOP:485374,'LANCE CREEK 8 N WY US',200905,60,549
COOP:485374,'LANCE CREEK 8 N WY US',200906,217,622
COOP:485374,'LANCE CREEK 8 N WY US',200910,160,388
COOP:485374,'LANCE CREEK 8 N WY US',200911,12,404
COOP:485374,'LANCE CREEK 8 N WY US',200912,33,175
COOP:485374,'LANCE CREEK 8 N WY US',201001,7,251
COOP:485374,'LANCE CREEK 8 N WY US',201002,16,242
COOP:485374,'LANCE CREEK 8 N WY US',201003,85,395
COOP:485374,'LANCE CREEK 8 N WY US',201004,347,456
COOP:485374,'LANCE CREEK 8 N WY US',201005,595,495
COOP:485374,'LANCE CREEK 8 N WY US',201006,339,630
COOP:485374,'LANCE CREEK 8 N WY US',201007,121,714
COOP:485374,'LANCE CREEK 8 N WY US',201008,26,740
COOP:485374,'LANCE CREEK 8 N WY US',201009,27,610
COOP:485374,'LANCE CREEK 8 N WY US',201010,176,517
COOP:485374,'LANCE CREEK 8 N WY US',201011,47,327
COOP:485374,'LANCE CREEK 8 N WY US',201012,45,262
COOP:485374,'LANCE CREEK 8 N WY US',201101,34,226
COOP:485374,'LANCE CREEK 8 N WY US',201102,0,201
COOP:485374,'LANCE CREEK 8 N WY US',201103,59,357
COOP:485374,'LANCE CREEK 8 N WY US',201104,111,425
COOP:485374,'LANCE CREEK 8 N WY US',201105,537,484
COOP:485374,'LANCE CREEK 8 N WY US',201106,170,624
COOP:485374,'LANCE CREEK 8 N WY US',201107,147,749
COOP:485374,'LANCE CREEK 8 N WY US',201108,114,734
COOP:485374,'LANCE CREEK 8 N WY US',201109,71,607
COOP:485374,'LANCE CREEK 8 N WY US',201110,102,480
COOP:485374,'LANCE CREEK 8 N WY US',201111,57,318
COOP:485374,'LANCE CREEK 8 N WY US',201112,7,252
COOP:485374,'LANCE CREEK 8 N WY US',201201,10,269
COOP:485374,'LANCE CREEK 8 N WY US',201202,56,254
COOP:485374,'LANCE CREEK 8 N WY US',201203,0,449
COOP:485374,'LANCE CREEK 8 N WY US',201204,65,498
COOP:485374,'LANCE CREEK 8 N WY US',201205,148,555
COOP:485374,'LANCE CREEK 8 N WY US',201206,56,706
COOP:485374,'LANCE CREEK 8 N WY US',201207,83,775
COOP:485374,'LANCE CREEK 8 N WY US',201208,21,722
COOP:485374,'LANCE CREEK 8 N WY US',201209,16,627
COOP:485374,'LANCE CREEK 8 N WY US',201210,103,450
COOP:485374,'LANCE CREEK 8 N WY US',201211,38,379
COOP:485374,'LANCE CREEK 8 N WY US',201212,8,263
COOP:485374,'LANCE CREEK 8 N WY US',201301,16,237
COOP:485374,'LANCE CREEK 8 N WY US',201302,27,276
COOP:485374,'LANCE CREEK 8 N WY US',201303,24,336
COOP:485374,'LANCE CREEK 8 N WY US',201304,254,370
COOP:485374,'LANCE CREEK 8 N WY US',201305,111,555
COOP:485374,'LANCE CREEK 8 N WY US',201306,217,654
COOP:485374,'LANCE CREEK 8 N WY US',201307,216,738
COOP:485374,'LANCE CREEK 8 N WY US',201308,131,724
COOP:485374,'LANCE CREEK 8 N WY US',201309,44,642
COOP:485374,'LANCE CREEK 8 N WY US',201310,286,424
COOP:485374,'LANCE CREEK 8 N WY US',201311,37,340
COOP:485374,'LANCE CREEK 8 N WY US',201312,42,195
COOP:485374,'LANCE CREEK 8 N WY US',201401,18,275
COOP:485374,'LANCE CREEK 8 N WY US',201402,47,188
COOP:485374,'LANCE CREEK 8 N WY US',201403,115,336
COOP:485374,'LANCE CREEK 8 N WY US',201404,273,432
COOP:485374,'LANCE CREEK 8 N WY US',201405,262,532
COOP:485374,'LANCE CREEK 8 N WY US',201406,237,612
COOP:485374,'LANCE CREEK 8 N WY US',201407,48,717
COOP:485355,'LAMAR RANGER STATION WY US',200501,79,177
COOP:485355,'LAMAR RANGER STATION WY US',200502,19,155
COOP:485355,'LAMAR RANGER STATION WY US',200503,60,272
COOP:485355,'LAMAR RANGER STATION WY US',200511,152,226
COOP:485355,'LAMAR RANGER STATION WY US',200512,128,120
COOP:485355,'LAMAR RANGER STATION WY US',200601,70,191
COOP:485355,'LAMAR RANGER STATION WY US',200602,29,130
COOP:485355,'LAMAR RANGER STATION WY US',200603,68,241
COOP:485355,'LAMAR RANGER STATION WY US',200612,73,170
COOP:485355,'LAMAR RANGER STATION WY US',200701,26,64
COOP:485355,'LAMAR RANGER STATION WY US',200702,101,213
COOP:485355,'LAMAR RANGER STATION WY US',200712,73,122
COOP:485355,'LAMAR RANGER STATION WY US',200801,94,85
COOP:485355,'LAMAR RANGER STATION WY US',200802,52,179
COOP:485355,'LAMAR RANGER STATION WY US',200803,151,199
COOP:485355,'LAMAR RANGER STATION WY US',200804,12,242
COOP:485355,'LAMAR RANGER STATION WY US',200812,116,137
COOP:485355,'LAMAR RANGER STATION WY US',200901,115,126
COOP:485355,'LAMAR RANGER STATION WY US',200902,40,127
COOP:485355,'LAMAR RANGER STATION WY US',200903,121,235
COOP:485355,'LAMAR RANGER STATION WY US',201001,102,126
COOP:485355,'LAMAR RANGER STATION WY US',201002,47,180
COOP:485355,'LAMAR RANGER STATION WY US',201101,114,150
COOP:485355,'LAMAR RANGER STATION WY US',201103,157,276
COOP:485355,'LAMAR RANGER STATION WY US',201112,56,109
COOP:485355,'LAMAR RANGER STATION WY US',201201,36,179
COOP:485355,'LAMAR RANGER STATION WY US',201202,62,159
COOP:485355,'LAMAR RANGER STATION WY US',201203,75,302
COOP:485355,'LAMAR RANGER STATION WY US',201211,65,299
COOP:485355,'LAMAR RANGER STATION WY US',201212,107,194
COOP:485355,'LAMAR RANGER STATION WY US',201301,113,100
COOP:485355,'LAMAR RANGER STATION WY US',201302,37,178
COOP:485355,'LAMAR RANGER STATION WY US',201303,21,221
COOP:485355,'LAMAR RANGER STATION WY US',201304,128,308
COOP:485355,'LAMAR RANGER STATION WY US',201305,140,466
COOP:485355,'LAMAR RANGER STATION WY US',201306,51,534
COOP:485355,'LAMAR RANGER STATION WY US',201307,160,625
COOP:485355,'LAMAR RANGER STATION WY US',201308,67,614
COOP:485355,'LAMAR RANGER STATION WY US',201309,197,529
COOP:485355,'LAMAR RANGER STATION WY US',201310,65,348
COOP:485355,'LAMAR RANGER STATION WY US',201311,67,272
COOP:485355,'LAMAR RANGER STATION WY US',201312,150,84
COOP:485355,'LAMAR RANGER STATION WY US',201401,85,118
COOP:485355,'LAMAR RANGER STATION WY US',201402,118,120
COOP:485355,'LAMAR RANGER STATION WY US',201403,206,237
COOP:485355,'LAMAR RANGER STATION WY US',201404,127,334
COOP:485355,'LAMAR RANGER STATION WY US',201405,75,472
COOP:485355,'LAMAR RANGER STATION WY US',201406,178,512
COOP:485355,'LAMAR RANGER STATION WY US',201407,125,610
COOP:483950,'GLENROCK 5 ESE WY US',200001,28,304
COOP:483950,'GLENROCK 5 ESE WY US',200002,42,355
COOP:483950,'GLENROCK 5 ESE WY US',200003,64,369
COOP:483950,'GLENROCK 5 ESE WY US',200004,233,473
COOP:483950,'GLENROCK 5 ESE WY US',200005,324,569
COOP:483950,'GLENROCK 5 ESE WY US',200006,107,637
COOP:483950,'GLENROCK 5 ESE WY US',200007,8,735
COOP:483950,'GLENROCK 5 ESE WY US',200008,56,722
COOP:483950,'GLENROCK 5 ESE WY US',200009,137,584
COOP:483950,'GLENROCK 5 ESE WY US',200011,104,221
COOP:483950,'GLENROCK 5 ESE WY US',200012,38,222
COOP:483950,'GLENROCK 5 ESE WY US',200101,31,256
COOP:483950,'GLENROCK 5 ESE WY US',200102,79,223
COOP:483950,'GLENROCK 5 ESE WY US',200103,18,346
COOP:483950,'GLENROCK 5 ESE WY US',200108,76,711
COOP:483950,'GLENROCK 5 ESE WY US',200109,97,608
COOP:483950,'GLENROCK 5 ESE WY US',200111,50,378
COOP:483950,'GLENROCK 5 ESE WY US',200112,2,273
COOP:483950,'GLENROCK 5 ESE WY US',200201,0,253
COOP:483950,'GLENROCK 5 ESE WY US',200202,9,285
COOP:483950,'GLENROCK 5 ESE WY US',200203,120,257
COOP:483950,'GLENROCK 5 ESE WY US',200204,9,428
COOP:483950,'GLENROCK 5 ESE WY US',200205,160,500
COOP:483950,'GLENROCK 5 ESE WY US',200206,12,648
COOP:483950,'GLENROCK 5 ESE WY US',200207,99,719
COOP:483950,'GLENROCK 5 ESE WY US',200208,50,654
COOP:483950,'GLENROCK 5 ESE WY US',200209,113,580
COOP:483950,'GLENROCK 5 ESE WY US',200210,94,375
COOP:483950,'GLENROCK 5 ESE WY US',200211,20,321
COOP:483950,'GLENROCK 5 ESE WY US',200212,0,292
COOP:483950,'GLENROCK 5 ESE WY US',200301,19,307
COOP:483950,'GLENROCK 5 ESE WY US',200302,44,220
COOP:483950,'GLENROCK 5 ESE WY US',200303,258,336
COOP:483950,'GLENROCK 5 ESE WY US',200310,5,457
COOP:483950,'GLENROCK 5 ESE WY US',200311,0,255
COOP:483950,'GLENROCK 5 ESE WY US',200507,41,750
COOP:483950,'GLENROCK 5 ESE WY US',200508,321,691
COOP:483950,'GLENROCK 5 ESE WY US',200510,156,512
COOP:483950,'GLENROCK 5 ESE WY US',200511,29,411
COOP:483950,'GLENROCK 5 ESE WY US',200512,19,282
COOP:483950,'GLENROCK 5 ESE WY US',200601,23,355
COOP:483950,'GLENROCK 5 ESE WY US',200602,30,267
COOP:483950,'GLENROCK 5 ESE WY US',200603,59,370
COOP:483950,'GLENROCK 5 ESE WY US',200604,72,496
COOP:483950,'GLENROCK 5 ESE WY US',200605,149,568
COOP:483950,'GLENROCK 5 ESE WY US',200606,91,704
COOP:483950,'GLENROCK 5 ESE WY US',200607,0,768
COOP:483950,'GLENROCK 5 ESE WY US',200704,0,447
COOP:483950,'GLENROCK 5 ESE WY US',200801,0,249
COOP:483936,'GLENDO 6 NE WY US',200607,121,759
COOP:483936,'GLENDO 6 NE WY US',200608,202,707
COOP:483936,'GLENDO 6 NE WY US',200610,50,436
COOP:483936,'GLENDO 6 NE WY US',200611,25,348
COOP:483936,'GLENDO 6 NE WY US',200612,70,244
COOP:483936,'GLENDO 6 NE WY US',200701,39,129
COOP:483936,'GLENDO 6 NE WY US',200702,24,243
COOP:483936,'GLENDO 6 NE WY US',200703,139,406
COOP:483936,'GLENDO 6 NE WY US',200704,199,422
COOP:483936,'GLENDO 6 NE WY US',200705,288,553
COOP:483936,'GLENDO 6 NE WY US',200706,63,653
COOP:483936,'GLENDO 6 NE WY US',200707,161,756
COOP:483936,'GLENDO 6 NE WY US',200708,151,714
COOP:483936,'GLENDO 6 NE WY US',200709,30,592
COOP:483936,'GLENDO 6 NE WY US',200710,109,474
COOP:483936,'GLENDO 6 NE WY US',200711,9,346
COOP:483936,'GLENDO 6 NE WY US',200712,70,175
COOP:483936,'GLENDO 6 NE WY US',200801,16,193
COOP:483936,'GLENDO 6 NE WY US',200802,22,260
COOP:483936,'GLENDO 6 NE WY US',200803,97,341
COOP:483936,'GLENDO 6 NE WY US',200804,43,399
COOP:483936,'GLENDO 6 NE WY US',200805,896,504
COOP:483936,'GLENDO 6 NE WY US',200806,50,609
COOP:483936,'GLENDO 6 NE WY US',200807,79,723
COOP:483936,'GLENDO 6 NE WY US',200808,48,686
COOP:483936,'GLENDO 6 NE WY US',200809,85,560
COOP:483936,'GLENDO 6 NE WY US',200810,40,437
COOP:483936,'GLENDO 6 NE WY US',200811,55,375
COOP:483936,'GLENDO 6 NE WY US',200901,75,243
COOP:483936,'GLENDO 6 NE WY US',200902,35,297
COOP:483936,'GLENDO 6 NE WY US',200903,110,337
COOP:483936,'GLENDO 6 NE WY US',200904,310,401
COOP:483936,'GLENDO 6 NE WY US',200905,53,533
COOP:483936,'GLENDO 6 NE WY US',200906,254,610
COOP:483936,'GLENDO 6 NE WY US',200911,2,360
COOP:483936,'GLENDO 6 NE WY US',200912,53,126
COOP:483936,'GLENDO 6 NE WY US',201001,7,173
COOP:483936,'GLENDO 6 NE WY US',201002,53,192
COOP:483936,'GLENDO 6 NE WY US',201003,65,374
COOP:483936,'GLENDO 6 NE WY US',201004,207,446
COOP:483936,'GLENDO 6 NE WY US',201005,467,488
COOP:483936,'GLENDO 6 NE WY US',201006,271,620
COOP:483936,'GLENDO 6 NE WY US',201007,172,690
COOP:483936,'GLENDO 6 NE WY US',201008,87,692
COOP:483936,'GLENDO 6 NE WY US',201009,6,578
COOP:483936,'GLENDO 6 NE WY US',201010,180,496
COOP:483936,'GLENDO 6 NE WY US',201011,53,304
COOP:483936,'GLENDO 6 NE WY US',201012,54,269
COOP:483936,'GLENDO 6 NE WY US',201101,21,211
COOP:483936,'GLENDO 6 NE WY US',201102,62,188
COOP:483936,'GLENDO 6 NE WY US',201103,68,372
COOP:483936,'GLENDO 6 NE WY US',201104,124,425
COOP:483936,'GLENDO 6 NE WY US',201105,370,472
COOP:483936,'GLENDO 6 NE WY US',201106,100,621
COOP:483936,'GLENDO 6 NE WY US',201107,126,738
COOP:483936,'GLENDO 6 NE WY US',201108,113,713
COOP:483936,'GLENDO 6 NE WY US',201109,37,581
COOP:483936,'GLENDO 6 NE WY US',201110,138,462
COOP:483936,'GLENDO 6 NE WY US',201111,89,317
COOP:483936,'GLENDO 6 NE WY US',201112,43,191
COOP:483936,'GLENDO 6 NE WY US',201201,11,268
COOP:483936,'GLENDO 6 NE WY US',201202,53,252
COOP:483936,'GLENDO 6 NE WY US',201203,0,440
COOP:483936,'GLENDO 6 NE WY US',201204,77,484
COOP:483936,'GLENDO 6 NE WY US',201205,66,544
COOP:483936,'GLENDO 6 NE WY US',201206,0,690
COOP:483936,'GLENDO 6 NE WY US',201207,98,759
COOP:483936,'GLENDO 6 NE WY US',201208,35,686
COOP:483936,'GLENDO 6 NE WY US',201209,92,588
COOP:483936,'GLENDO 6 NE WY US',201210,132,431
COOP:483936,'GLENDO 6 NE WY US',201211,30,374
COOP:483936,'GLENDO 6 NE WY US',201212,13,249
COOP:483936,'GLENDO 6 NE WY US',201301,6,212
COOP:483936,'GLENDO 6 NE WY US',201302,34,233
COOP:483936,'GLENDO 6 NE WY US',201303,11,336
COOP:483936,'GLENDO 6 NE WY US',201304,158,371
COOP:483936,'GLENDO 6 NE WY US',201305,245,527
COOP:483936,'GLENDO 6 NE WY US',201306,75,648
COOP:483936,'GLENDO 6 NE WY US',201307,112,726
COOP:483936,'GLENDO 6 NE WY US',201308,97,712
COOP:483936,'GLENDO 6 NE WY US',201309,72,618
COOP:483936,'GLENDO 6 NE WY US',201310,249,410
COOP:483936,'GLENDO 6 NE WY US',201311,23,313
COOP:483936,'GLENDO 6 NE WY US',201312,32,167
COOP:483936,'GLENDO 6 NE WY US',201401,28,233
COOP:483936,'GLENDO 6 NE WY US',201402,83,141
COOP:483936,'GLENDO 6 NE WY US',201403,100,342
COOP:483936,'GLENDO 6 NE WY US',201404,90,422
COOP:483936,'GLENDO 6 NE WY US',201405,122,520
COOP:483936,'GLENDO 6 NE WY US',201406,247,607
COOP:483936,'GLENDO 6 NE WY US',201407,113,694
COOP:482881,'ECHETA 2 NW WY US',200001,88,234
COOP:482881,'ECHETA 2 NW WY US',200002,25,317
COOP:482881,'ECHETA 2 NW WY US',200003,75,397
COOP:482881,'ECHETA 2 NW WY US',200004,172,447
COOP:482881,'ECHETA 2 NW WY US',200005,183,550
COOP:482881,'ECHETA 2 NW WY US',200006,146,627
COOP:482881,'ECHETA 2 NW WY US',200007,151,739
COOP:482881,'ECHETA 2 NW WY US',200008,35,733
COOP:482881,'ECHETA 2 NW WY US',200009,55,586
COOP:482881,'ECHETA 2 NW WY US',200010,117,474
COOP:482881,'ECHETA 2 NW WY US',200011,31,208
COOP:482881,'ECHETA 2 NW WY US',200012,26,162
COOP:482881,'ECHETA 2 NW WY US',200101,8,247
COOP:482881,'ECHETA 2 NW WY US',200104,155,461
COOP:482881,'ECHETA 2 NW WY US',200105,110,559
COOP:482881,'ECHETA 2 NW WY US',200106,355,645
COOP:482881,'ECHETA 2 NW WY US',200107,229,738
COOP:482881,'ECHETA 2 NW WY US',200108,0,742
COOP:482881,'ECHETA 2 NW WY US',200109,48,629
COOP:482881,'ECHETA 2 NW WY US',200110,146,465
COOP:482881,'ECHETA 2 NW WY US',200111,86,371
COOP:482881,'ECHETA 2 NW WY US',200112,0,255
COOP:482881,'ECHETA 2 NW WY US',200201,23,242
COOP:482881,'ECHETA 2 NW WY US',200204,124,430
COOP:482881,'ECHETA 2 NW WY US',200205,161,517
COOP:482881,'ECHETA 2 NW WY US',200206,31,666
COOP:482881,'ECHETA 2 NW WY US',200207,85,763
COOP:482881,'ECHETA 2 NW WY US',200208,261,690
COOP:482881,'ECHETA 2 NW WY US',200209,112,604
COOP:482881,'ECHETA 2 NW WY US',200210,100,399
COOP:482881,'ECHETA 2 NW WY US',200211,10,346
COOP:482881,'ECHETA 2 NW WY US',200212,10,289
COOP:482881,'ECHETA 2 NW WY US',200301,80,309
COOP:482881,'ECHETA 2 NW WY US',200302,71,233
COOP:482881,'ECHETA 2 NW WY US',200303,143,333
COOP:482881,'ECHETA 2 NW WY US',200304,255,487
COOP:482881,'ECHETA 2 NW WY US',200305,202,484
COOP:482881,'ECHETA 2 NW WY US',200306,222,597
COOP:482881,'ECHETA 2 NW WY US',200307,43,742
COOP:482881,'ECHETA 2 NW WY US',200308,30,757
COOP:482881,'ECHETA 2 NW WY US',200309,170,569
COOP:482881,'ECHETA 2 NW WY US',200310,78,502
COOP:482881,'ECHETA 2 NW WY US',200311,42,280
COOP:482881,'ECHETA 2 NW WY US',200312,24,291
COOP:482881,'ECHETA 2 NW WY US',200401,10,220
COOP:482881,'ECHETA 2 NW WY US',200402,204,296
COOP:482881,'ECHETA 2 NW WY US',200403,18,413
COOP:482881,'ECHETA 2 NW WY US',200404,75,471
COOP:482881,'ECHETA 2 NW WY US',200405,121,543
COOP:482881,'ECHETA 2 NW WY US',200407,224,726
COOP:482881,'ECHETA 2 NW WY US',200408,25,656
COOP:482881,'ECHETA 2 NW WY US',200409,81,593
COOP:482881,'ECHETA 2 NW WY US',200410,225,489
COOP:482881,'ECHETA 2 NW WY US',200412,15,299
COOP:482881,'ECHETA 2 NW WY US',200501,13,233
COOP:482881,'ECHETA 2 NW WY US',200502,88,301
COOP:482881,'ECHETA 2 NW WY US',200503,127,376
COOP:482881,'ECHETA 2 NW WY US',200504,346,453
COOP:482881,'ECHETA 2 NW WY US',200505,457,513
COOP:482881,'ECHETA 2 NW WY US',200506,159,635
COOP:482881,'ECHETA 2 NW WY US',200507,175,736
COOP:482881,'ECHETA 2 NW WY US',200508,60,671
COOP:482881,'ECHETA 2 NW WY US',200509,89,609
COOP:482881,'ECHETA 2 NW WY US',200510,276,491
COOP:482881,'ECHETA 2 NW WY US',200511,45,367
COOP:482881,'ECHETA 2 NW WY US',200512,50,219
COOP:482881,'ECHETA 2 NW WY US',200601,4,350
COOP:482881,'ECHETA 2 NW WY US',200604,150,504
COOP:482881,'ECHETA 2 NW WY US',200605,267,555
COOP:482881,'ECHETA 2 NW WY US',200606,10,672
COOP:482881,'ECHETA 2 NW WY US',200607,100,750
COOP:482881,'ECHETA 2 NW WY US',200608,125,717
COOP:482881,'ECHETA 2 NW WY US',200609,232,558
COOP:482881,'ECHETA 2 NW WY US',200610,135,445
COOP:482881,'ECHETA 2 NW WY US',200611,77,357
COOP:489615,'WHEATLAND 4 N WY US',200001,10,333
COOP:489615,'WHEATLAND 4 N WY US',200002,121,383
COOP:489615,'WHEATLAND 4 N WY US',200003,29,411
COOP:489615,'WHEATLAND 4 N WY US',200004,197,481
COOP:489615,'WHEATLAND 4 N WY US',200005,264,587
COOP:489615,'WHEATLAND 4 N WY US',200006,60,660
COOP:489615,'WHEATLAND 4 N WY US',200007,69,750
COOP:489615,'WHEATLAND 4 N WY US',200008,134,746
COOP:489615,'WHEATLAND 4 N WY US',200009,162,617
COOP:489615,'WHEATLAND 4 N WY US',200010,19,507
COOP:489615,'WHEATLAND 4 N WY US',200011,93,263
COOP:489615,'WHEATLAND 4 N WY US',200012,53,258
COOP:489615,'WHEATLAND 4 N WY US',200101,30,292
COOP:489615,'WHEATLAND 4 N WY US',200102,21,291
COOP:489615,'WHEATLAND 4 N WY US',200103,21,387
COOP:489615,'WHEATLAND 4 N WY US',200104,224,479
COOP:489615,'WHEATLAND 4 N WY US',200105,257,564
COOP:489615,'WHEATLAND 4 N WY US',200106,74,697
COOP:489615,'WHEATLAND 4 N WY US',200107,391,763
COOP:489615,'WHEATLAND 4 N WY US',200108,55,736
COOP:489615,'WHEATLAND 4 N WY US',200109,145,631
COOP:489615,'WHEATLAND 4 N WY US',200110,134,505
COOP:489615,'WHEATLAND 4 N WY US',200111,41,423
COOP:489615,'WHEATLAND 4 N WY US',200112,0,312
COOP:489615,'WHEATLAND 4 N WY US',200201,1,302
COOP:489615,'WHEATLAND 4 N WY US',200202,12,324
COOP:489615,'WHEATLAND 4 N WY US',200203,95,288
COOP:489615,'WHEATLAND 4 N WY US',200204,50,492
COOP:489615,'WHEATLAND 4 N WY US',200205,92,554
COOP:489615,'WHEATLAND 4 N WY US',200206,37,694
COOP:489615,'WHEATLAND 4 N WY US',200207,167,762
COOP:489615,'WHEATLAND 4 N WY US',200208,197,705
COOP:489615,'WHEATLAND 4 N WY US',200209,155,612
COOP:489615,'WHEATLAND 4 N WY US',200210,125,420
COOP:489615,'WHEATLAND 4 N WY US',200211,50,380
COOP:489615,'WHEATLAND 4 N WY US',200212,0,347
COOP:489615,'WHEATLAND 4 N WY US',200301,5,367
COOP:489615,'WHEATLAND 4 N WY US',200302,33,283
COOP:489615,'WHEATLAND 4 N WY US',200303,193,400
COOP:489615,'WHEATLAND 4 N WY US',200304,205,491
COOP:489615,'WHEATLAND 4 N WY US',200305,90,564
COOP:489615,'WHEATLAND 4 N WY US',200306,342,621
COOP:489615,'WHEATLAND 4 N WY US',200307,21,768
COOP:489615,'WHEATLAND 4 N WY US',200308,100,743
COOP:489615,'WHEATLAND 4 N WY US',200309,245,605
COOP:489615,'WHEATLAND 4 N WY US',200310,10,527
COOP:489615,'WHEATLAND 4 N WY US',200311,29,365
COOP:489615,'WHEATLAND 4 N WY US',200312,53,331
COOP:489615,'WHEATLAND 4 N WY US',200401,15,324
COOP:489615,'WHEATLAND 4 N WY US',200402,23,322
COOP:489615,'WHEATLAND 4 N WY US',200403,5,452
COOP:489615,'WHEATLAND 4 N WY US',200404,57,497
COOP:489615,'WHEATLAND 4 N WY US',200405,127,595
COOP:489615,'WHEATLAND 4 N WY US',200406,288,643
COOP:489615,'WHEATLAND 4 N WY US',200407,205,697
COOP:489615,'WHEATLAND 4 N WY US',200408,5,677
COOP:489615,'WHEATLAND 4 N WY US',200409,319,618
COOP:489615,'WHEATLAND 4 N WY US',200410,199,503
COOP:489615,'WHEATLAND 4 N WY US',200411,52,374
COOP:489615,'WHEATLAND 4 N WY US',200412,0,343
COOP:489615,'WHEATLAND 4 N WY US',200501,23,315
COOP:489615,'WHEATLAND 4 N WY US',200502,16,355
COOP:489615,'WHEATLAND 4 N WY US',200503,20,409
COOP:489615,'WHEATLAND 4 N WY US',200504,229,470
COOP:489615,'WHEATLAND 4 N WY US',200505,234,531
COOP:489615,'WHEATLAND 4 N WY US',200506,267,653
COOP:489615,'WHEATLAND 4 N WY US',200507,151,744
COOP:489615,'WHEATLAND 4 N WY US',200508,220,690
COOP:489615,'WHEATLAND 4 N WY US',200510,234,519
COOP:489615,'WHEATLAND 4 N WY US',200511,2,416
COOP:489615,'WHEATLAND 4 N WY US',200512,29,298
COOP:489615,'WHEATLAND 4 N WY US',200601,0,378
COOP:489615,'WHEATLAND 4 N WY US',200602,46,283
COOP:489615,'WHEATLAND 4 N WY US',200603,129,351
COOP:489615,'WHEATLAND 4 N WY US',200604,24,518
COOP:489615,'WHEATLAND 4 N WY US',200605,172,579
COOP:489615,'WHEATLAND 4 N WY US',200606,9,708
COOP:489615,'WHEATLAND 4 N WY US',200607,123,771
COOP:489615,'WHEATLAND 4 N WY US',200608,167,721
COOP:489615,'WHEATLAND 4 N WY US',200609,112,569
COOP:489615,'WHEATLAND 4 N WY US',200610,36,484
COOP:489615,'WHEATLAND 4 N WY US',200611,4,390
COOP:489615,'WHEATLAND 4 N WY US',200612,142,304
COOP:489615,'WHEATLAND 4 N WY US',200701,5,247
COOP:489615,'WHEATLAND 4 N WY US',200702,26,316
COOP:489615,'WHEATLAND 4 N WY US',200703,189,455
COOP:489615,'WHEATLAND 4 N WY US',200704,230,460
COOP:489615,'WHEATLAND 4 N WY US',200705,225,573
COOP:489615,'WHEATLAND 4 N WY US',200706,0,676
COOP:489615,'WHEATLAND 4 N WY US',200707,64,745
COOP:489615,'WHEATLAND 4 N WY US',200708,59,759
COOP:489615,'WHEATLAND 4 N WY US',200709,68,663
COOP:489615,'WHEATLAND 4 N WY US',200710,162,525
COOP:489615,'WHEATLAND 4 N WY US',200711,15,418
COOP:489615,'WHEATLAND 4 N WY US',200712,74,265
COOP:489615,'WHEATLAND 4 N WY US',200801,9,270
COOP:489615,'WHEATLAND 4 N WY US',200802,14,320
COOP:489615,'WHEATLAND 4 N WY US',200803,16,385
COOP:489615,'WHEATLAND 4 N WY US',200804,42,447
COOP:489615,'WHEATLAND 4 N WY US',200805,732,543
COOP:489615,'WHEATLAND 4 N WY US',200806,92,648
COOP:489615,'WHEATLAND 4 N WY US',200807,141,733
COOP:489615,'WHEATLAND 4 N WY US',200808,281,695
COOP:489615,'WHEATLAND 4 N WY US',200809,120,587
COOP:489615,'WHEATLAND 4 N WY US',200810,89,495
COOP:489615,'WHEATLAND 4 N WY US',200811,37,423
COOP:489615,'WHEATLAND 4 N WY US',200812,0,269
COOP:489615,'WHEATLAND 4 N WY US',200901,112,319
COOP:489615,'WHEATLAND 4 N WY US',200902,10,360
COOP:489615,'WHEATLAND 4 N WY US',200903,90,408
COOP:489615,'WHEATLAND 4 N WY US',200904,213,443
COOP:489615,'WHEATLAND 4 N WY US',200905,163,562
COOP:489615,'WHEATLAND 4 N WY US',200906,294,628
COOP:489615,'WHEATLAND 4 N WY US',200907,145,692
COOP:489615,'WHEATLAND 4 N WY US',200910,213,422
COOP:489615,'WHEATLAND 4 N WY US',200911,16,426
COOP:489615,'WHEATLAND 4 N WY US',200912,95,220
COOP:489615,'WHEATLAND 4 N WY US',201001,0,302
COOP:489615,'WHEATLAND 4 N WY US',201002,40,272
COOP:489615,'WHEATLAND 4 N WY US',201003,140,415
COOP:489615,'WHEATLAND 4 N WY US',201004,307,471
COOP:489615,'WHEATLAND 4 N WY US',201005,261,528
COOP:489615,'WHEATLAND 4 N WY US',201006,304,641
COOP:489615,'WHEATLAND 4 N WY US',201007,243,712
COOP:489615,'WHEATLAND 4 N WY US',201008,141,726
COOP:489615,'WHEATLAND 4 N WY US',201009,0,632
COOP:489615,'WHEATLAND 4 N WY US',201010,153,534
COOP:489615,'WHEATLAND 4 N WY US',201011,46,367
COOP:489615,'WHEATLAND 4 N WY US',201012,48,322
COOP:489615,'WHEATLAND 4 N WY US',201101,30,287
COOP:489615,'WHEATLAND 4 N WY US',201102,67,277
COOP:489615,'WHEATLAND 4 N WY US',201103,42,416
COOP:489615,'WHEATLAND 4 N WY US',201104,261,462
COOP:489615,'WHEATLAND 4 N WY US',201105,505,510
COOP:489615,'WHEATLAND 4 N WY US',201106,303,652
COOP:489615,'WHEATLAND 4 N WY US',201107,122,748
COOP:489615,'WHEATLAND 4 N WY US',201109,11,625
COOP:489615,'WHEATLAND 4 N WY US',201110,110,509
COOP:489615,'WHEATLAND 4 N WY US',201111,46,388
COOP:489615,'WHEATLAND 4 N WY US',201112,30,281
COOP:489615,'WHEATLAND 4 N WY US',201201,40,358
COOP:489615,'WHEATLAND 4 N WY US',201203,0,496
COOP:489615,'WHEATLAND 4 N WY US',201204,53,531
COOP:489615,'WHEATLAND 4 N WY US',201205,59,595
COOP:489615,'WHEATLAND 4 N WY US',201206,110,714
COOP:489615,'WHEATLAND 4 N WY US',201207,143,789
COOP:489615,'WHEATLAND 4 N WY US',201208,8,732
COOP:489615,'WHEATLAND 4 N WY US',201209,65,647
COOP:489615,'WHEATLAND 4 N WY US',201210,175,488
COOP:489615,'WHEATLAND 4 N WY US',201211,28,444
COOP:489615,'WHEATLAND 4 N WY US',201212,12,310
COOP:489615,'WHEATLAND 4 N WY US',201301,14,291
COOP:489615,'WHEATLAND 4 N WY US',201302,71,278
COOP:489615,'WHEATLAND 4 N WY US',201303,0,395
COOP:489615,'WHEATLAND 4 N WY US',201304,227,416
COOP:489615,'WHEATLAND 4 N WY US',201305,150,576
COOP:489615,'WHEATLAND 4 N WY US',201306,68,683
COOP:489615,'WHEATLAND 4 N WY US',201307,214,736
COOP:489615,'WHEATLAND 4 N WY US',201309,274,657
COOP:489615,'WHEATLAND 4 N WY US',201310,97,472
COOP:489615,'WHEATLAND 4 N WY US',201311,43,388
COOP:489615,'WHEATLAND 4 N WY US',201312,25,273
COOP:489615,'WHEATLAND 4 N WY US',201401,82,317
COOP:489615,'WHEATLAND 4 N WY US',201402,112,214
COOP:489615,'WHEATLAND 4 N WY US',201403,114,416
COOP:489615,'WHEATLAND 4 N WY US',201404,160,497
COOP:489615,'WHEATLAND 4 N WY US',201405,215,559
COOP:489615,'WHEATLAND 4 N WY US',201406,145,640
COOP:489615,'WHEATLAND 4 N WY US',201407,416,730
COOP:485260,'LA GRANGE WY US',200001,82,334
COOP:485260,'LA GRANGE WY US',200002,64,388
COOP:485260,'LA GRANGE WY US',200003,175,416
COOP:485260,'LA GRANGE WY US',200004,155,492
COOP:485260,'LA GRANGE WY US',200005,147,599
COOP:485260,'LA GRANGE WY US',200006,129,662
COOP:485260,'LA GRANGE WY US',200007,57,747
COOP:485260,'LA GRANGE WY US',200008,50,743
COOP:485260,'LA GRANGE WY US',200009,254,628
COOP:485260,'LA GRANGE WY US',200010,79,507
COOP:485260,'LA GRANGE WY US',200011,81,279
COOP:485260,'LA GRANGE WY US',200012,60,264
COOP:485260,'LA GRANGE WY US',200101,46,302
COOP:485260,'LA GRANGE WY US',200102,61,294
COOP:485260,'LA GRANGE WY US',200103,51,394
COOP:485260,'LA GRANGE WY US',200104,347,488
COOP:485260,'LA GRANGE WY US',200105,274,567
COOP:485260,'LA GRANGE WY US',200106,102,675
COOP:485260,'LA GRANGE WY US',200107,160,756
COOP:485260,'LA GRANGE WY US',200108,61,726
COOP:485260,'LA GRANGE WY US',200109,295,644
COOP:485260,'LA GRANGE WY US',200110,123,503
COOP:485260,'LA GRANGE WY US',200111,95,409
COOP:485260,'LA GRANGE WY US',200112,9,312
COOP:485260,'LA GRANGE WY US',200201,12,314
COOP:485260,'LA GRANGE WY US',200202,25,333
COOP:485260,'LA GRANGE WY US',200203,93,327
COOP:485260,'LA GRANGE WY US',200204,42,501
COOP:485260,'LA GRANGE WY US',200205,61,557
COOP:485260,'LA GRANGE WY US',200206,113,711
COOP:485260,'LA GRANGE WY US',200207,51,767
COOP:485260,'LA GRANGE WY US',200208,234,710
COOP:485260,'LA GRANGE WY US',200210,81,435
COOP:485260,'LA GRANGE WY US',200211,30,367
COOP:485260,'LA GRANGE WY US',200212,2,343
COOP:485260,'LA GRANGE WY US',200301,24,367
COOP:485260,'LA GRANGE WY US',200302,83,278
COOP:485260,'LA GRANGE WY US',200303,318,403
COOP:485260,'LA GRANGE WY US',200304,126,503
COOP:485260,'LA GRANGE WY US',200305,122,575
COOP:485260,'LA GRANGE WY US',200306,426,629
COOP:485260,'LA GRANGE WY US',200307,45,764
COOP:485260,'LA GRANGE WY US',200308,74,738
COOP:485260,'LA GRANGE WY US',200309,114,600
COOP:485260,'LA GRANGE WY US',200310,45,537
COOP:485260,'LA GRANGE WY US',200311,70,360
COOP:485260,'LA GRANGE WY US',200312,82,328
COOP:485260,'LA GRANGE WY US',200401,15,322
COOP:485260,'LA GRANGE WY US',200402,108,318
COOP:485260,'LA GRANGE WY US',200403,90,450
COOP:485260,'LA GRANGE WY US',200404,90,499
COOP:485260,'LA GRANGE WY US',200405,58,584
COOP:485260,'LA GRANGE WY US',200406,149,639
COOP:485260,'LA GRANGE WY US',200407,241,712
COOP:485260,'LA GRANGE WY US',200408,55,885
COOP:485260,'LA GRANGE WY US',200410,79,506
COOP:485260,'LA GRANGE WY US',200411,123,371
COOP:485260,'LA GRANGE WY US',200412,18,343
COOP:485260,'LA GRANGE WY US',200501,70,330
COOP:485260,'LA GRANGE WY US',200502,38,359
COOP:485260,'LA GRANGE WY US',200503,92,408
COOP:485260,'LA GRANGE WY US',200504,237,476
COOP:485260,'LA GRANGE WY US',200505,218,560
COOP:485260,'LA GRANGE WY US',200506,598,660
COOP:485260,'LA GRANGE WY US',200507,361,744
COOP:485260,'LA GRANGE WY US',200508,397,691
COOP:485260,'LA GRANGE WY US',200509,23,647
COOP:485260,'LA GRANGE WY US',200511,31,425
COOP:485260,'LA GRANGE WY US',200512,36,299
COOP:485260,'LA GRANGE WY US',200601,18,381
COOP:485260,'LA GRANGE WY US',200602,99,293
COOP:485260,'LA GRANGE WY US',200603,174,367
COOP:485260,'LA GRANGE WY US',200604,137,528
COOP:485260,'LA GRANGE WY US',200605,85,586
COOP:485260,'LA GRANGE WY US',200606,188,708
COOP:485260,'LA GRANGE WY US',200607,155,767
COOP:485260,'LA GRANGE WY US',200608,667,725
COOP:485260,'LA GRANGE WY US',200609,113,570
COOP:485260,'LA GRANGE WY US',200610,70,480
COOP:485260,'LA GRANGE WY US',200611,1,402
COOP:485260,'LA GRANGE WY US',200612,264,319
COOP:485260,'LA GRANGE WY US',200701,60,238
COOP:485260,'LA GRANGE WY US',200702,63,313
COOP:485260,'LA GRANGE WY US',200703,135,457
COOP:485260,'LA GRANGE WY US',200704,150,475
COOP:485260,'LA GRANGE WY US',200705,132,588
COOP:485260,'LA GRANGE WY US',200706,97,692
COOP:485260,'LA GRANGE WY US',200707,161,768
COOP:485260,'LA GRANGE WY US',200708,100,754
COOP:485260,'LA GRANGE WY US',200709,109,645
COOP:485260,'LA GRANGE WY US',200710,240,532
COOP:485260,'LA GRANGE WY US',200711,18,414
COOP:485260,'LA GRANGE WY US',200712,213,258
COOP:485260,'LA GRANGE WY US',200801,7,259
COOP:485260,'LA GRANGE WY US',200802,91,313
COOP:485260,'LA GRANGE WY US',200803,98,399
COOP:485260,'LA GRANGE WY US',200804,110,459
COOP:485260,'LA GRANGE WY US',200805,262,555
COOP:485260,'LA GRANGE WY US',200806,86,653
COOP:485260,'LA GRANGE WY US',200807,97,747
COOP:485260,'LA GRANGE WY US',200808,445,707
COOP:485260,'LA GRANGE WY US',200809,145,594
COOP:485260,'LA GRANGE WY US',200810,76,501
COOP:485260,'LA GRANGE WY US',200811,55,425
COOP:485260,'LA GRANGE WY US',200812,40,280
COOP:485260,'LA GRANGE WY US',200901,101,317
COOP:485260,'LA GRANGE WY US',200902,23,362
COOP:485260,'LA GRANGE WY US',200903,144,408
COOP:485260,'LA GRANGE WY US',200904,589,451
COOP:485260,'LA GRANGE WY US',200905,130,586
COOP:485260,'LA GRANGE WY US',200906,411,642
COOP:485260,'LA GRANGE WY US',200907,217,703
COOP:485260,'LA GRANGE WY US',200908,132,679
COOP:485260,'LA GRANGE WY US',200909,45,631
COOP:485260,'LA GRANGE WY US',200910,368,417
COOP:485260,'LA GRANGE WY US',200912,106,217
COOP:485260,'LA GRANGE WY US',201001,13,307
COOP:485260,'LA GRANGE WY US',201002,87,282
COOP:485260,'LA GRANGE WY US',201003,97,409
COOP:485252,'LA BARGE WY US',200001,40,186
COOP:485252,'LA BARGE WY US',200002,41,245
COOP:485252,'LA BARGE WY US',200003,20,300
COOP:485252,'LA BARGE WY US',200004,14,418
COOP:485252,'LA BARGE WY US',200005,166,495
COOP:485252,'LA BARGE WY US',200006,0,567
COOP:485252,'LA BARGE WY US',200007,52,646
COOP:485252,'LA BARGE WY US',200008,92,630
COOP:485252,'LA BARGE WY US',200009,140,489
COOP:485252,'LA BARGE WY US',200010,48,401
COOP:485252,'LA BARGE WY US',200011,13,174
COOP:485252,'LA BARGE WY US',200012,0,156
COOP:485252,'LA BARGE WY US',200101,0,144
COOP:485252,'LA BARGE WY US',200102,18,180
COOP:485252,'LA BARGE WY US',200103,0,329
COOP:485252,'LA BARGE WY US',200104,90,406
COOP:485252,'LA BARGE WY US',200105,18,504
COOP:485252,'LA BARGE WY US',200106,12,569
COOP:485252,'LA BARGE WY US',200107,61,653
COOP:485252,'LA BARGE WY US',200108,94,647
COOP:485252,'LA BARGE WY US',200109,15,546
COOP:485252,'LA BARGE WY US',200110,14,414
COOP:485252,'LA BARGE WY US',200111,35,288
COOP:485252,'LA BARGE WY US',200112,26,72
COOP:485252,'LA BARGE WY US',200201,6,95
COOP:485252,'LA BARGE WY US',200202,0,128
COOP:485252,'LA BARGE WY US',200203,7,252
COOP:485252,'LA BARGE WY US',200204,111,397
COOP:485252,'LA BARGE WY US',200205,154,488
COOP:485252,'LA BARGE WY US',200206,0,581
COOP:485252,'LA BARGE WY US',200207,29,677
COOP:485252,'LA BARGE WY US',200208,6,601
COOP:485252,'LA BARGE WY US',200209,9,522
COOP:485252,'LA BARGE WY US',200210,167,376
COOP:485252,'LA BARGE WY US',200211,8,255
COOP:485252,'LA BARGE WY US',200212,24,167
COOP:485252,'LA BARGE WY US',200301,8,245
COOP:485252,'LA BARGE WY US',200302,81,137
COOP:485252,'LA BARGE WY US',200303,42,320
COOP:485252,'LA BARGE WY US',200304,3,399
COOP:485252,'LA BARGE WY US',200305,53,495
COOP:485252,'LA BARGE WY US',200306,74,561
COOP:485252,'LA BARGE WY US',200307,6,677
COOP:485252,'LA BARGE WY US',200308,43,650
COOP:485252,'LA BARGE WY US',200309,31,523
COOP:485252,'LA BARGE WY US',200310,82,441
COOP:485252,'LA BARGE WY US',200311,9,161
COOP:485252,'LA BARGE WY US',200312,66,151
COOP:485252,'LA BARGE WY US',200401,7,35
COOP:485252,'LA BARGE WY US',200402,103,92
COOP:485252,'LA BARGE WY US',200403,23,300
COOP:485252,'LA BARGE WY US',200404,183,413
COOP:485252,'LA BARGE WY US',200405,51,469
COOP:485252,'LA BARGE WY US',200406,192,568
COOP:485252,'LA BARGE WY US',200407,80,631
COOP:485252,'LA BARGE WY US',200408,59,585
COOP:485252,'LA BARGE WY US',200409,33,496
COOP:485252,'LA BARGE WY US',200410,212,417
COOP:485252,'LA BARGE WY US',200411,56,253
COOP:485252,'LA BARGE WY US',200412,39,180
COOP:485252,'LA BARGE WY US',200501,121,86
COOP:485252,'LA BARGE WY US',200502,18,58
COOP:485252,'LA BARGE WY US',200503,102,255
COOP:485252,'LA BARGE WY US',200504,63,381
COOP:485252,'LA BARGE WY US',200505,185,480
COOP:485252,'LA BARGE WY US',200506,81,532
COOP:485252,'LA BARGE WY US',200507,19,653
COOP:485252,'LA BARGE WY US',200508,44,612
COOP:485252,'LA BARGE WY US',200509,33,501
COOP:485252,'LA BARGE WY US',200510,53,411
COOP:485252,'LA BARGE WY US',200511,4,274
COOP:485252,'LA BARGE WY US',200512,62,120
COOP:485252,'LA BARGE WY US',200601,30,139
COOP:485252,'LA BARGE WY US',200602,51,115
COOP:485252,'LA BARGE WY US',200603,78,271
COOP:485252,'LA BARGE WY US',200604,15,402
COOP:485252,'LA BARGE WY US',200605,2,495
COOP:485252,'LA BARGE WY US',200606,51,599
COOP:485252,'LA BARGE WY US',200607,39,679
COOP:485252,'LA BARGE WY US',200608,81,612
COOP:485252,'LA BARGE WY US',200609,132,503
COOP:485252,'LA BARGE WY US',200610,119,411
COOP:485252,'LA BARGE WY US',200611,50,280
COOP:485252,'LA BARGE WY US',200612,22,173
COOP:485252,'LA BARGE WY US',200701,20,85
COOP:485252,'LA BARGE WY US',200702,41,254
COOP:485252,'LA BARGE WY US',200703,48,352
COOP:485252,'LA BARGE WY US',200704,0,396
COOP:485252,'LA BARGE WY US',200705,59,496
COOP:485252,'LA BARGE WY US',200706,0,597
COOP:485252,'LA BARGE WY US',200707,50,694
COOP:485252,'LA BARGE WY US',200708,186,650
COOP:485252,'LA BARGE WY US',200709,162,541
COOP:485252,'LA BARGE WY US',200710,60,419
COOP:485252,'LA BARGE WY US',200711,0,300
COOP:485252,'LA BARGE WY US',200712,69,107
COOP:485252,'LA BARGE WY US',200801,42,43
COOP:485252,'LA BARGE WY US',200802,68,130
COOP:485252,'LA BARGE WY US',200803,14,248
COOP:485252,'LA BARGE WY US',200804,29,343
COOP:485252,'LA BARGE WY US',200805,133,469
COOP:485252,'LA BARGE WY US',200806,20,558
COOP:485252,'LA BARGE WY US',200807,4,662
COOP:485252,'LA BARGE WY US',200808,44,629
COOP:485252,'LA BARGE WY US',200809,102,516
COOP:485252,'LA BARGE WY US',200810,70,416
COOP:485252,'LA BARGE WY US',200811,18,333
COOP:485252,'LA BARGE WY US',200812,60,175
COOP:485252,'LA BARGE WY US',200901,34,195
COOP:485252,'LA BARGE WY US',200902,22,199
COOP:485252,'LA BARGE WY US',200903,72,294
COOP:485252,'LA BARGE WY US',200904,72,386
COOP:485252,'LA BARGE WY US',200905,94,496
COOP:485252,'LA BARGE WY US',200906,277,546
COOP:485252,'LA BARGE WY US',200907,108,637
COOP:485252,'LA BARGE WY US',200908,69,603
COOP:485252,'LA BARGE WY US',200909,51,562
COOP:485252,'LA BARGE WY US',200910,144,354
COOP:485252,'LA BARGE WY US',200911,0,285
COOP:485252,'LA BARGE WY US',200912,24,78
COOP:485252,'LA BARGE WY US',201001,25,130
COOP:485252,'LA BARGE WY US',201002,9,162
COOP:485252,'LA BARGE WY US',201003,56,325
COOP:485252,'LA BARGE WY US',201004,165,376
COOP:485252,'LA BARGE WY US',201005,117,420
COOP:485252,'LA BARGE WY US',201006,143,556
COOP:485252,'LA BARGE WY US',201007,5,636
COOP:485252,'LA BARGE WY US',201008,198,614
COOP:485252,'LA BARGE WY US',201009,8,530
COOP:485252,'LA BARGE WY US',201010,33,435
COOP:485252,'LA BARGE WY US',201011,19,253
COOP:485252,'LA BARGE WY US',201012,117,172
COOP:485252,'LA BARGE WY US',201101,2,99
COOP:485252,'LA BARGE WY US',201102,64,94
COOP:485252,'LA BARGE WY US',201103,24,224
COOP:485252,'LA BARGE WY US',201104,50,361
COOP:485252,'LA BARGE WY US',201105,276,423
COOP:485252,'LA BARGE WY US',201106,42,538
COOP:485252,'LA BARGE WY US',201107,27,641
COOP:485252,'LA BARGE WY US',201108,109,641
COOP:485252,'LA BARGE WY US',201109,63,545
COOP:485252,'LA BARGE WY US',201110,40,421
COOP:485252,'LA BARGE WY US',201111,24,224
COOP:485252,'LA BARGE WY US',201112,12,136
COOP:483801,'GAS HILLS 4 E WY US',200006,187,616
COOP:483801,'GAS HILLS 4 E WY US',200010,30,453
COOP:483801,'GAS HILLS 4 E WY US',200110,42,453
COOP:483801,'GAS HILLS 4 E WY US',200406,82,579
COOP:483801,'GAS HILLS 4 E WY US',200602,93,198
COOP:483801,'GAS HILLS 4 E WY US',200603,72,317
COOP:483801,'GAS HILLS 4 E WY US',200605,36,524
COOP:483801,'GAS HILLS 4 E WY US',200606,0,669
COOP:483801,'GAS HILLS 4 E WY US',200608,80,680
COOP:483801,'GAS HILLS 4 E WY US',200609,132,562
COOP:482725,'DULL CENTER 1 SE WY US',200001,32,281
COOP:482725,'DULL CENTER 1 SE WY US',200002,42,341
COOP:482725,'DULL CENTER 1 SE WY US',200003,74,392
COOP:482725,'DULL CENTER 1 SE WY US',200004,345,461
COOP:482725,'DULL CENTER 1 SE WY US',200005,199,559
COOP:482725,'DULL CENTER 1 SE WY US',200006,134,633
COOP:482725,'DULL CENTER 1 SE WY US',200007,123,744
COOP:482725,'DULL CENTER 1 SE WY US',200008,44,736
COOP:482725,'DULL CENTER 1 SE WY US',200009,122,614
COOP:482725,'DULL CENTER 1 SE WY US',200010,55,480
COOP:482725,'DULL CENTER 1 SE WY US',200011,107,241
COOP:482725,'DULL CENTER 1 SE WY US',200012,26,195
COOP:482725,'DULL CENTER 1 SE WY US',200101,9,276
COOP:482725,'DULL CENTER 1 SE WY US',200102,99,193
COOP:482725,'DULL CENTER 1 SE WY US',200103,16,359
COOP:482725,'DULL CENTER 1 SE WY US',200104,271,461
COOP:482725,'DULL CENTER 1 SE WY US',200105,7,564
COOP:482725,'DULL CENTER 1 SE WY US',200106,257,659
COOP:482725,'DULL CENTER 1 SE WY US',200107,394,753
COOP:482725,'DULL CENTER 1 SE WY US',200108,145,740
COOP:482725,'DULL CENTER 1 SE WY US',200109,67,631
COOP:482725,'DULL CENTER 1 SE WY US',200110,93,482
COOP:482725,'DULL CENTER 1 SE WY US',200111,100,377
COOP:482725,'DULL CENTER 1 SE WY US',200112,15,266
COOP:482725,'DULL CENTER 1 SE WY US',200201,2,267
COOP:482725,'DULL CENTER 1 SE WY US',200202,12,305
COOP:482725,'DULL CENTER 1 SE WY US',200203,113,254
COOP:482725,'DULL CENTER 1 SE WY US',200204,121,451
COOP:482725,'DULL CENTER 1 SE WY US',200205,241,519
COOP:482725,'DULL CENTER 1 SE WY US',200206,57,684
COOP:482725,'DULL CENTER 1 SE WY US',200207,42,777
COOP:482725,'DULL CENTER 1 SE WY US',200208,376,699
COOP:482725,'DULL CENTER 1 SE WY US',200209,183,606
COOP:482725,'DULL CENTER 1 SE WY US',200210,59,401
COOP:482725,'DULL CENTER 1 SE WY US',200211,31,357
COOP:482725,'DULL CENTER 1 SE WY US',200212,8,319
COOP:482725,'DULL CENTER 1 SE WY US',200301,30,316
COOP:482725,'DULL CENTER 1 SE WY US',200302,65,234
COOP:482725,'DULL CENTER 1 SE WY US',200303,218,357
COOP:482725,'DULL CENTER 1 SE WY US',200304,218,487
COOP:482725,'DULL CENTER 1 SE WY US',200305,94,556
COOP:482725,'DULL CENTER 1 SE WY US',200306,355,612
COOP:482725,'DULL CENTER 1 SE WY US',200307,2,774
COOP:482725,'DULL CENTER 1 SE WY US',200308,91,762
COOP:482725,'DULL CENTER 1 SE WY US',200309,204,585
COOP:482725,'DULL CENTER 1 SE WY US',200310,67,516
COOP:482725,'DULL CENTER 1 SE WY US',200311,67,284
COOP:482725,'DULL CENTER 1 SE WY US',200312,47,293
COOP:482725,'DULL CENTER 1 SE WY US',200401,13,269
COOP:482725,'DULL CENTER 1 SE WY US',200402,68,296
COOP:482725,'DULL CENTER 1 SE WY US',200403,26,415
COOP:482725,'DULL CENTER 1 SE WY US',200404,50,484
COOP:482725,'DULL CENTER 1 SE WY US',200405,96,573
COOP:482725,'DULL CENTER 1 SE WY US',200406,46,637
COOP:482725,'DULL CENTER 1 SE WY US',200407,306,717
COOP:482725,'DULL CENTER 1 SE WY US',200408,11,674
COOP:482725,'DULL CENTER 1 SE WY US',200409,202,627
COOP:482725,'DULL CENTER 1 SE WY US',200410,112,487
COOP:482725,'DULL CENTER 1 SE WY US',200411,51,363
COOP:482725,'DULL CENTER 1 SE WY US',200412,7,305
COOP:482725,'DULL CENTER 1 SE WY US',200501,50,242
COOP:482725,'DULL CENTER 1 SE WY US',200502,4,341
COOP:482725,'DULL CENTER 1 SE WY US',200503,46,380
COOP:482725,'DULL CENTER 1 SE WY US',200504,196,464
COOP:482725,'DULL CENTER 1 SE WY US',200505,304,527
COOP:482725,'DULL CENTER 1 SE WY US',200506,209,647
COOP:482725,'DULL CENTER 1 SE WY US',200507,55,756
COOP:482725,'DULL CENTER 1 SE WY US',200508,206,699
COOP:482725,'DULL CENTER 1 SE WY US',200509,146,637
COOP:482725,'DULL CENTER 1 SE WY US',200510,106,495
COOP:482725,'DULL CENTER 1 SE WY US',200511,10,400
COOP:482725,'DULL CENTER 1 SE WY US',200512,9,254
COOP:482725,'DULL CENTER 1 SE WY US',200601,12,357
COOP:482725,'DULL CENTER 1 SE WY US',200602,61,256
COOP:482725,'DULL CENTER 1 SE WY US',200603,96,350
COOP:482725,'DULL CENTER 1 SE WY US',200604,122,504
COOP:482725,'DULL CENTER 1 SE WY US',200605,164,572
COOP:482725,'DULL CENTER 1 SE WY US',200606,34,706
COOP:482725,'DULL CENTER 1 SE WY US',200607,110,783
COOP:482725,'DULL CENTER 1 SE WY US',200608,88,726
COOP:482725,'DULL CENTER 1 SE WY US',200609,65,576
COOP:482725,'DULL CENTER 1 SE WY US',200610,46,460
COOP:482725,'DULL CENTER 1 SE WY US',200611,26,366
COOP:482725,'DULL CENTER 1 SE WY US',200612,16,307
COOP:482725,'DULL CENTER 1 SE WY US',200701,10,224
COOP:482725,'DULL CENTER 1 SE WY US',200702,21,257
COOP:482725,'DULL CENTER 1 SE WY US',200703,82,439
COOP:482725,'DULL CENTER 1 SE WY US',200704,102,451
COOP:482725,'DULL CENTER 1 SE WY US',200705,385,586
COOP:482725,'DULL CENTER 1 SE WY US',200706,72,680
COOP:482725,'DULL CENTER 1 SE WY US',200707,101,786
COOP:482725,'DULL CENTER 1 SE WY US',200708,209,742
COOP:482725,'DULL CENTER 1 SE WY US',200709,53,638
COOP:482725,'DULL CENTER 1 SE WY US',200710,83,502
COOP:482725,'DULL CENTER 1 SE WY US',200711,15,382
COOP:482725,'DULL CENTER 1 SE WY US',200712,63,221
COOP:482725,'DULL CENTER 1 SE WY US',200801,17,211
COOP:482725,'DULL CENTER 1 SE WY US',200802,44,294
COOP:482725,'DULL CENTER 1 SE WY US',200803,153,364
COOP:482725,'DULL CENTER 1 SE WY US',200804,95,433
COOP:482725,'DULL CENTER 1 SE WY US',200805,558,525
COOP:482725,'DULL CENTER 1 SE WY US',200806,181,623
COOP:482725,'DULL CENTER 1 SE WY US',200807,126,735
COOP:482725,'DULL CENTER 1 SE WY US',200808,62,718
COOP:482725,'DULL CENTER 1 SE WY US',200809,123,590
COOP:482725,'DULL CENTER 1 SE WY US',200810,97,476
COOP:482725,'DULL CENTER 1 SE WY US',200811,20,394
COOP:482725,'DULL CENTER 1 SE WY US',200812,31,220
COOP:482725,'DULL CENTER 1 SE WY US',200901,95,278
COOP:482725,'DULL CENTER 1 SE WY US',200903,181,373
COOP:482725,'DULL CENTER 1 SE WY US',200904,249,430
COOP:482725,'DULL CENTER 1 SE WY US',200905,19,560
COOP:482725,'DULL CENTER 1 SE WY US',200906,254,621
COOP:482725,'DULL CENTER 1 SE WY US',200907,121,701
COOP:482725,'DULL CENTER 1 SE WY US',200908,147,686
COOP:482725,'DULL CENTER 1 SE WY US',200909,53,635
COOP:482725,'DULL CENTER 1 SE WY US',200910,86,391
COOP:482725,'DULL CENTER 1 SE WY US',200911,16,402
COOP:482725,'DULL CENTER 1 SE WY US',200912,51,176
COOP:482725,'DULL CENTER 1 SE WY US',201001,3,269
COOP:482725,'DULL CENTER 1 SE WY US',201002,16,252
COOP:482725,'DULL CENTER 1 SE WY US',201003,28,410
COOP:482725,'DULL CENTER 1 SE WY US',201004,126,460
COOP:482725,'DULL CENTER 1 SE WY US',201005,376,508
COOP:482725,'DULL CENTER 1 SE WY US',201006,262,630
COOP:482725,'DULL CENTER 1 SE WY US',201007,134,715
COOP:482725,'DULL CENTER 1 SE WY US',201008,118,732
COOP:482725,'DULL CENTER 1 SE WY US',201009,39,622
COOP:482725,'DULL CENTER 1 SE WY US',201011,171,525
COOP:482725,'DULL CENTER 1 SE WY US',201012,32,273
COOP:482725,'DULL CENTER 1 SE WY US',201101,37,227
COOP:482725,'DULL CENTER 1 SE WY US',201102,62,209
COOP:482725,'DULL CENTER 1 SE WY US',201103,64,380
COOP:482725,'DULL CENTER 1 SE WY US',201104,113,444
COOP:482725,'DULL CENTER 1 SE WY US',201105,492,495
COOP:482725,'DULL CENTER 1 SE WY US',201106,163,637
COOP:482725,'DULL CENTER 1 SE WY US',201107,144,753
COOP:482725,'DULL CENTER 1 SE WY US',201108,28,748
COOP:482725,'DULL CENTER 1 SE WY US',201109,45,626
COOP:482725,'DULL CENTER 1 SE WY US',201110,158,500
COOP:482725,'DULL CENTER 1 SE WY US',201111,100,334
COOP:482725,'DULL CENTER 1 SE WY US',201112,32,267
COOP:482725,'DULL CENTER 1 SE WY US',201201,4,295
COOP:482725,'DULL CENTER 1 SE WY US',201202,103,273
COOP:482725,'DULL CENTER 1 SE WY US',201203,2,476
COOP:482725,'DULL CENTER 1 SE WY US',201204,59,507
COOP:482725,'DULL CENTER 1 SE WY US',201206,103,718
COOP:482725,'DULL CENTER 1 SE WY US',201207,54,791
COOP:482725,'DULL CENTER 1 SE WY US',201208,22,736
COOP:482725,'DULL CENTER 1 SE WY US',201209,12,632
COOP:482725,'DULL CENTER 1 SE WY US',201211,60,385
COOP:482725,'DULL CENTER 1 SE WY US',201212,12,267
COOP:482725,'DULL CENTER 1 SE WY US',201301,24,258
COOP:482725,'DULL CENTER 1 SE WY US',201302,53,283
COOP:482725,'DULL CENTER 1 SE WY US',201303,18,364
COOP:482725,'DULL CENTER 1 SE WY US',201304,202,385
COOP:482725,'DULL CENTER 1 SE WY US',201305,92,566
COOP:482725,'DULL CENTER 1 SE WY US',201306,155,663
COOP:482725,'DULL CENTER 1 SE WY US',201307,290,740
COOP:482725,'DULL CENTER 1 SE WY US',201308,294,722
COOP:482725,'DULL CENTER 1 SE WY US',201309,43,644
COOP:482725,'DULL CENTER 1 SE WY US',201310,197,441
COOP:482725,'DULL CENTER 1 SE WY US',201311,9,355
COOP:482725,'DULL CENTER 1 SE WY US',201312,35,209
COOP:482725,'DULL CENTER 1 SE WY US',201401,44,287
COOP:482725,'DULL CENTER 1 SE WY US',201402,48,195
COOP:482725,'DULL CENTER 1 SE WY US',201403,78,369
COOP:482725,'DULL CENTER 1 SE WY US',201404,208,447
COOP:482725,'DULL CENTER 1 SE WY US',201405,90,550
COOP:482725,'DULL CENTER 1 SE WY US',201406,264,625
COOP:483855,'GILLETTE 4 SE WY US',200001,66,260
COOP:483855,'GILLETTE 4 SE WY US',200002,74,324
COOP:483855,'GILLETTE 4 SE WY US',200003,74,383
COOP:483855,'GILLETTE 4 SE WY US',200004,282,440
COOP:483855,'GILLETTE 4 SE WY US',200005,252,538
COOP:483855,'GILLETTE 4 SE WY US',200006,172,614
COOP:483855,'GILLETTE 4 SE WY US',200007,54,729
COOP:483855,'GILLETTE 4 SE WY US',200008,68,720
COOP:483855,'GILLETTE 4 SE WY US',200009,78,585
COOP:483855,'GILLETTE 4 SE WY US',200010,95,465
COOP:483855,'GILLETTE 4 SE WY US',200011,168,226
COOP:483855,'GILLETTE 4 SE WY US',200012,79,180
COOP:483855,'GILLETTE 4 SE WY US',200101,47,271
COOP:483855,'GILLETTE 4 SE WY US',200102,110,186
COOP:483855,'GILLETTE 4 SE WY US',200103,60,342
COOP:483855,'GILLETTE 4 SE WY US',200104,235,455
COOP:483855,'GILLETTE 4 SE WY US',200105,322,552
COOP:483855,'GILLETTE 4 SE WY US',200106,331,633
COOP:483855,'GILLETTE 4 SE WY US',200107,206,735
COOP:483855,'GILLETTE 4 SE WY US',200108,29,727
COOP:483855,'GILLETTE 4 SE WY US',200109,59,616
COOP:483855,'GILLETTE 4 SE WY US',200110,104,459
COOP:483855,'GILLETTE 4 SE WY US',200111,72,384
COOP:483855,'GILLETTE 4 SE WY US',200112,12,256
COOP:483855,'GILLETTE 4 SE WY US',200201,36,252
COOP:483855,'GILLETTE 4 SE WY US',200202,65,285
COOP:483855,'GILLETTE 4 SE WY US',200203,156,229
COOP:483855,'GILLETTE 4 SE WY US',200204,193,409
COOP:483855,'GILLETTE 4 SE WY US',200205,207,498
COOP:483855,'GILLETTE 4 SE WY US',200206,112,656
COOP:483855,'GILLETTE 4 SE WY US',200207,36,743
COOP:483855,'GILLETTE 4 SE WY US',200208,246,660
COOP:483855,'GILLETTE 4 SE WY US',200209,154,592
COOP:483855,'GILLETTE 4 SE WY US',200210,139,379
COOP:483855,'GILLETTE 4 SE WY US',200211,32,355
COOP:483855,'GILLETTE 4 SE WY US',200212,52,303
COOP:483855,'GILLETTE 4 SE WY US',200301,75,288
COOP:483855,'GILLETTE 4 SE WY US',200302,137,224
COOP:483855,'GILLETTE 4 SE WY US',200303,207,323
COOP:483855,'GILLETTE 4 SE WY US',200304,171,478
COOP:483855,'GILLETTE 4 SE WY US',200305,125,523
COOP:483855,'GILLETTE 4 SE WY US',200306,385,588
COOP:483855,'GILLETTE 4 SE WY US',200307,94,731
COOP:483855,'GILLETTE 4 SE WY US',200308,52,735
COOP:483855,'GILLETTE 4 SE WY US',200309,150,561
COOP:483855,'GILLETTE 4 SE WY US',200310,43,501
COOP:483855,'GILLETTE 4 SE WY US',200311,77,273
COOP:483855,'GILLETTE 4 SE WY US',200312,78,281
COOP:483855,'GILLETTE 4 SE WY US',200401,40,247
COOP:483855,'GILLETTE 4 SE WY US',200402,72,290
COOP:483855,'GILLETTE 4 SE WY US',200403,25,404
COOP:483855,'GILLETTE 4 SE WY US',200404,71,453
COOP:483855,'GILLETTE 4 SE WY US',200405,106,530
COOP:483855,'GILLETTE 4 SE WY US',200406,52,602
COOP:483855,'GILLETTE 4 SE WY US',200407,298,692
COOP:483855,'GILLETTE 4 SE WY US',200408,49,649
COOP:483855,'GILLETTE 4 SE WY US',200409,166,588
COOP:483855,'GILLETTE 4 SE WY US',200410,177,470
COOP:483855,'GILLETTE 4 SE WY US',200411,65,347
COOP:483855,'GILLETTE 4 SE WY US',200412,21,298
COOP:483855,'GILLETTE 4 SE WY US',200501,60,239
COOP:483855,'GILLETTE 4 SE WY US',200502,66,313
COOP:483855,'GILLETTE 4 SE WY US',200503,98,353
COOP:483855,'GILLETTE 4 SE WY US',200504,254,437
COOP:483855,'GILLETTE 4 SE WY US',200505,403,500
COOP:483855,'GILLETTE 4 SE WY US',200506,157,631
COOP:483855,'GILLETTE 4 SE WY US',200507,51,728
COOP:483855,'GILLETTE 4 SE WY US',200604,115,473
COOP:483855,'GILLETTE 4 SE WY US',200606,12,686
COOP:483855,'GILLETTE 4 SE WY US',200608,159,708
COOP:483855,'GILLETTE 4 SE WY US',200609,245,565
COOP:483855,'GILLETTE 4 SE WY US',200610,82,442
COOP:483855,'GILLETTE 4 SE WY US',200611,56,347
COOP:483855,'GILLETTE 4 SE WY US',200612,2,291
COOP:483855,'GILLETTE 4 SE WY US',200701,10,238
COOP:483855,'GILLETTE 4 SE WY US',200702,135,250
COOP:483855,'GILLETTE 4 SE WY US',200703,256,428
COOP:483855,'GILLETTE 4 SE WY US',200704,75,436
COOP:483855,'GILLETTE 4 SE WY US',200705,805,555
COOP:483855,'GILLETTE 4 SE WY US',200706,228,646
COOP:483855,'GILLETTE 4 SE WY US',200707,90,761
COOP:483855,'GILLETTE 4 SE WY US',200708,201,726
COOP:483855,'GILLETTE 4 SE WY US',200709,63,620
COOP:483855,'GILLETTE 4 SE WY US',200710,154,500
COOP:483855,'GILLETTE 4 SE WY US',200711,8,364
COOP:483855,'GILLETTE 4 SE WY US',200712,74,220
COOP:483855,'GILLETTE 4 SE WY US',200801,57,208
COOP:483855,'GILLETTE 4 SE WY US',200802,61,264
COOP:483855,'GILLETTE 4 SE WY US',200803,90,344
COOP:483855,'GILLETTE 4 SE WY US',200807,203,715
COOP:483855,'GILLETTE 4 SE WY US',200808,34,708
COOP:483855,'GILLETTE 4 SE WY US',200809,119,575
COOP:483855,'GILLETTE 4 SE WY US',200810,175,464
COOP:483855,'GILLETTE 4 SE WY US',200811,37,388
COOP:483855,'GILLETTE 4 SE WY US',200901,70,263
COOP:483855,'GILLETTE 4 SE WY US',200902,29,309
COOP:483855,'GILLETTE 4 SE WY US',200903,184,348
COOP:483855,'GILLETTE 4 SE WY US',200904,168,410
COOP:483855,'GILLETTE 4 SE WY US',200905,64,538
COOP:483855,'GILLETTE 4 SE WY US',200906,188,608
COOP:483855,'GILLETTE 4 SE WY US',200907,191,682
COOP:483855,'GILLETTE 4 SE WY US',200908,210,678
COOP:483855,'GILLETTE 4 SE WY US',200909,41,636
COOP:483855,'GILLETTE 4 SE WY US',200910,197,378
COOP:483855,'GILLETTE 4 SE WY US',200911,5,396
COOP:483855,'GILLETTE 4 SE WY US',200912,74,165
COOP:483855,'GILLETTE 4 SE WY US',201001,8,265
COOP:483855,'GILLETTE 4 SE WY US',201002,34,251
COOP:483855,'GILLETTE 4 SE WY US',201003,38,407
COOP:483855,'GILLETTE 4 SE WY US',201004,243,438
COOP:483855,'GILLETTE 4 SE WY US',201005,482,495
COOP:483855,'GILLETTE 4 SE WY US',201006,373,619
COOP:483855,'GILLETTE 4 SE WY US',201007,232,702
COOP:483855,'GILLETTE 4 SE WY US',201008,233,705
COOP:483855,'GILLETTE 4 SE WY US',201009,26,613
COOP:483855,'GILLETTE 4 SE WY US',201010,93,532
COOP:483855,'GILLETTE 4 SE WY US',201011,110,316
COOP:483855,'GILLETTE 4 SE WY US',201012,75,256
COOP:483855,'GILLETTE 4 SE WY US',201101,88,228
COOP:483855,'GILLETTE 4 SE WY US',201102,110,206
COOP:483855,'GILLETTE 4 SE WY US',201103,82,362
COOP:483855,'GILLETTE 4 SE WY US',201104,235,428
COOP:483855,'GILLETTE 4 SE WY US',201105,704,490
COOP:483855,'GILLETTE 4 SE WY US',201106,129,622
COOP:483855,'GILLETTE 4 SE WY US',201107,45,743
COOP:483855,'GILLETTE 4 SE WY US',201108,145,729
COOP:483855,'GILLETTE 4 SE WY US',201109,99,621
COOP:483855,'GILLETTE 4 SE WY US',201110,126,497
COOP:483855,'GILLETTE 4 SE WY US',201111,87,345
COOP:483855,'GILLETTE 4 SE WY US',201112,110,267
COOP:483855,'GILLETTE 4 SE WY US',201201,52,283
COOP:483855,'GILLETTE 4 SE WY US',201202,156,267
COOP:483855,'GILLETTE 4 SE WY US',201203,1,462
COOP:483855,'GILLETTE 4 SE WY US',201204,200,493
COOP:483855,'GILLETTE 4 SE WY US',201205,321,546
COOP:483855,'GILLETTE 4 SE WY US',201206,77,697
COOP:483855,'GILLETTE 4 SE WY US',201207,237,777
COOP:483855,'GILLETTE 4 SE WY US',201208,39,723
COOP:483855,'GILLETTE 4 SE WY US',201210,94,453
COOP:483855,'GILLETTE 4 SE WY US',201211,55,391
COOP:483855,'GILLETTE 4 SE WY US',201212,28,270
COOP:483855,'GILLETTE 4 SE WY US',201301,40,254
COOP:483855,'GILLETTE 4 SE WY US',201302,57,279
COOP:483855,'GILLETTE 4 SE WY US',201303,30,357
COOP:483855,'GILLETTE 4 SE WY US',201304,164,385
COOP:483855,'GILLETTE 4 SE WY US',201306,307,635
COOP:483855,'GILLETTE 4 SE WY US',201307,300,727
COOP:483855,'GILLETTE 4 SE WY US',201309,237,642
COOP:483855,'GILLETTE 4 SE WY US',201311,7,360
COOP:483855,'GILLETTE 4 SE WY US',201312,59,213
COOP:483855,'GILLETTE 4 SE WY US',201401,53,280
COOP:483855,'GILLETTE 4 SE WY US',201402,77,192
COOP:483855,'GILLETTE 4 SE WY US',201403,153,357
COOP:483855,'GILLETTE 4 SE WY US',201404,114,446
COOP:483855,'GILLETTE 4 SE WY US',201405,187,535
COOP:483855,'GILLETTE 4 SE WY US',201406,682,609
COOP:483855,'GILLETTE 4 SE WY US',201407,77,707
COOP:489770,'WORLAND WY US',200001,2,245
COOP:489770,'WORLAND WY US',200002,1,303
COOP:489770,'WORLAND WY US',200003,14,388
COOP:489770,'WORLAND WY US',200004,144,474
COOP:489770,'WORLAND WY US',200005,108,582
COOP:489770,'WORLAND WY US',200007,20,754
COOP:489770,'WORLAND WY US',200008,39,734
COOP:489770,'WORLAND WY US',200009,94,580
COOP:489770,'WORLAND WY US',200010,55,468
COOP:489770,'WORLAND WY US',200011,16,184
COOP:489770,'WORLAND WY US',200012,20,155
COOP:489770,'WORLAND WY US',200101,12,169
COOP:489770,'WORLAND WY US',200102,42,145
COOP:489770,'WORLAND WY US',200103,30,361
COOP:489770,'WORLAND WY US',200104,78,474
COOP:489770,'WORLAND WY US',200105,16,601
COOP:489770,'WORLAND WY US',200106,105,672
COOP:489770,'WORLAND WY US',200107,54,768
COOP:489770,'WORLAND WY US',200108,15,740
COOP:489770,'WORLAND WY US',200109,44,628
COOP:489770,'WORLAND WY US',200110,37,469
COOP:489770,'WORLAND WY US',200111,37,359
COOP:489770,'WORLAND WY US',200112,4,212
COOP:489770,'WORLAND WY US',200201,54,150
COOP:489770,'WORLAND WY US',200202,6,220
COOP:489770,'WORLAND WY US',200203,49,265
COOP:489770,'WORLAND WY US',200204,106,451
COOP:489770,'WORLAND WY US',200205,52,548
COOP:489770,'WORLAND WY US',200206,37,681
COOP:489770,'WORLAND WY US',200207,217,767
COOP:489770,'WORLAND WY US',200208,38,683
COOP:489770,'WORLAND WY US',200209,45,605
COOP:489770,'WORLAND WY US',200210,55,403
COOP:489770,'WORLAND WY US',200211,49,302
COOP:489770,'WORLAND WY US',200212,1,205
COOP:489770,'WORLAND WY US',200301,14,250
COOP:489770,'WORLAND WY US',200302,27,204
COOP:489770,'WORLAND WY US',200303,142,335
COOP:489770,'WORLAND WY US',200304,23,505
COOP:489770,'WORLAND WY US',200305,239,566
COOP:489770,'WORLAND WY US',200306,110,645
COOP:489770,'WORLAND WY US',200307,9,772
COOP:489770,'WORLAND WY US',200308,71,754
COOP:489770,'WORLAND WY US',200309,79,578
COOP:489770,'WORLAND WY US',200310,7,510
COOP:489770,'WORLAND WY US',200311,6,246
COOP:489770,'WORLAND WY US',200312,27,251
COOP:489770,'WORLAND WY US',200401,45,111
COOP:489770,'WORLAND WY US',200402,98,221
COOP:489770,'WORLAND WY US',200403,0,413
COOP:489770,'WORLAND WY US',200404,82,487
COOP:489770,'WORLAND WY US',200405,8,563
COOP:489770,'WORLAND WY US',200406,29,639
COOP:489770,'WORLAND WY US',200407,135,713
COOP:489770,'WORLAND WY US',200408,26,677
COOP:489770,'WORLAND WY US',200409,106,592
COOP:489770,'WORLAND WY US',200410,34,480
COOP:489770,'WORLAND WY US',200411,9,334
COOP:489770,'WORLAND WY US',200412,11,259
COOP:489770,'WORLAND WY US',200501,11,199
COOP:489770,'WORLAND WY US',200502,9,279
COOP:489770,'WORLAND WY US',200503,27,374
COOP:489770,'WORLAND WY US',200504,191,461
COOP:489770,'WORLAND WY US',200505,330,547
COOP:489770,'WORLAND WY US',200506,72,649
COOP:489770,'WORLAND WY US',200507,33,748
COOP:489770,'WORLAND WY US',200508,42,688
COOP:489770,'WORLAND WY US',200509,86,597
COOP:489770,'WORLAND WY US',200510,206,485
COOP:489770,'WORLAND WY US',200511,110,345
COOP:489770,'WORLAND WY US',200512,8,164
COOP:489770,'WORLAND WY US',200601,0,306
COOP:489770,'WORLAND WY US',200602,9,241
COOP:489770,'WORLAND WY US',200603,25,363
COOP:489770,'WORLAND WY US',200604,73,498
COOP:489770,'WORLAND WY US',200605,115,587
COOP:489770,'WORLAND WY US',200606,26,699
COOP:489770,'WORLAND WY US',200607,10,771
COOP:489770,'WORLAND WY US',200608,3,710
COOP:489770,'WORLAND WY US',200609,132,572
COOP:489770,'WORLAND WY US',200610,77,449
COOP:489770,'WORLAND WY US',200611,14,346
COOP:489770,'WORLAND WY US',200612,20,215
COOP:489770,'WORLAND WY US',200701,19,109
COOP:489770,'WORLAND WY US',200702,49,206
COOP:489770,'WORLAND WY US',200703,52,419
COOP:489770,'WORLAND WY US',200704,92,460
COOP:489770,'WORLAND WY US',200705,29,589
COOP:489770,'WORLAND WY US',200706,62,680
COOP:489770,'WORLAND WY US',200707,75,787
COOP:489770,'WORLAND WY US',200708,31,729
COOP:489770,'WORLAND WY US',200709,50,613
COOP:489770,'WORLAND WY US',200710,125,480
COOP:489770,'WORLAND WY US',200711,0,349
COOP:489770,'WORLAND WY US',200712,38,145
COOP:489770,'WORLAND WY US',200801,25,145
COOP:489770,'WORLAND WY US',200802,0,266
COOP:489770,'WORLAND WY US',200803,50,346
COOP:489770,'WORLAND WY US',200804,59,405
COOP:489770,'WORLAND WY US',200805,267,538
COOP:489770,'WORLAND WY US',200806,10,634
COOP:489770,'WORLAND WY US',200807,43,742
COOP:489770,'WORLAND WY US',200808,0,713
COOP:489770,'WORLAND WY US',200809,150,570
COOP:489770,'WORLAND WY US',200810,124,452
COOP:489770,'WORLAND WY US',200811,56,387
COOP:489770,'WORLAND WY US',200812,13,154
COOP:489770,'WORLAND WY US',200901,28,187
COOP:489770,'WORLAND WY US',200902,5,273
COOP:489770,'WORLAND WY US',200903,65,339
COOP:489770,'WORLAND WY US',200904,121,439
COOP:489770,'WORLAND WY US',200905,71,575
COOP:489770,'WORLAND WY US',200906,182,620
COOP:489770,'WORLAND WY US',200907,45,713
COOP:489770,'WORLAND WY US',200908,58,675
COOP:489770,'WORLAND WY US',200909,4,637
COOP:489770,'WORLAND WY US',200910,148,383
COOP:489770,'WORLAND WY US',200911,8,354
COOP:489770,'WORLAND WY US',201001,43,152
COOP:489770,'WORLAND WY US',201002,9,202
COOP:489770,'WORLAND WY US',201003,6,397
COOP:489770,'WORLAND WY US',201004,39,454
COOP:489770,'WORLAND WY US',201005,273,506
COOP:489770,'WORLAND WY US',201006,119,640
COOP:489770,'WORLAND WY US',201007,5,722
COOP:489770,'WORLAND WY US',201008,18,710
COOP:489770,'WORLAND WY US',201009,15,601
COOP:489770,'WORLAND WY US',201010,49,520
COOP:489770,'WORLAND WY US',201011,71,287
COOP:489770,'WORLAND WY US',201012,23,192
COOP:489770,'WORLAND WY US',201102,26,128
COOP:489770,'WORLAND WY US',201104,97,431
COOP:489770,'WORLAND WY US',201105,443,503
COOP:489770,'WORLAND WY US',201107,13,758
COOP:489770,'WORLAND WY US',201108,6,726
COOP:489770,'WORLAND WY US',201109,11,615
COOP:489770,'WORLAND WY US',201110,257,509
COOP:489770,'WORLAND WY US',201112,14,209
COOP:489770,'WORLAND WY US',201201,9,252
COOP:489770,'WORLAND WY US',201202,35,258
COOP:489770,'WORLAND WY US',201203,8,428
COOP:489770,'WORLAND WY US',201204,45,514
COOP:489770,'WORLAND WY US',201205,111,559
COOP:489770,'WORLAND WY US',201206,1,694
COOP:489770,'WORLAND WY US',201207,45,776
COOP:489770,'WORLAND WY US',201208,2,719
COOP:489770,'WORLAND WY US',201209,0,625
COOP:489770,'WORLAND WY US',201210,30,451
COOP:489770,'WORLAND WY US',201211,52,333
COOP:489770,'WORLAND WY US',201212,37,225
COOP:489770,'WORLAND WY US',201301,47,126
COOP:489770,'WORLAND WY US',201302,31,195
COOP:489770,'WORLAND WY US',201303,21,361
COOP:489770,'WORLAND WY US',201304,60,409
COOP:489770,'WORLAND WY US',201305,135,577
COOP:489770,'WORLAND WY US',201306,6,673
COOP:489770,'WORLAND WY US',201307,14,756
COOP:489770,'WORLAND WY US',201308,27,737
COOP:489770,'WORLAND WY US',201309,313,629
COOP:489770,'WORLAND WY US',201310,219,425
COOP:489770,'WORLAND WY US',201311,21,303
COOP:489770,'WORLAND WY US',201312,21,151
COOP:489770,'WORLAND WY US',201401,38,172
COOP:489770,'WORLAND WY US',201402,46,126
COOP:489770,'WORLAND WY US',201403,68,335
COOP:489770,'WORLAND WY US',201404,32,455
COOP:489770,'WORLAND WY US',201405,107,572
COOP:489770,'WORLAND WY US',201407,36,753
COOP:489785,'WORLAND MUNICIPAL AIRPORT WY US',200001,5,257
COOP:489785,'WORLAND MUNICIPAL AIRPORT WY US',200002,9,327
COOP:489785,'WORLAND MUNICIPAL AIRPORT WY US',200003,23,366
COOP:489785,'WORLAND MUNICIPAL AIRPORT WY US',200004,122,502
COOP:489785,'WORLAND MUNICIPAL AIRPORT WY US',200005,143,589
COOP:489785,'WORLAND MUNICIPAL AIRPORT WY US',200006,72,660
COOP:489785,'WORLAND MUNICIPAL AIRPORT WY US',200007,8,762
COOP:489785,'WORLAND MUNICIPAL AIRPORT WY US',200008,26,743
COOP:489785,'WORLAND MUNICIPAL AIRPORT WY US',200009,106,597
COOP:489785,'WORLAND MUNICIPAL AIRPORT WY US',200010,62,480
COOP:489785,'WORLAND MUNICIPAL AIRPORT WY US',200011,25,208
COOP:489785,'WORLAND MUNICIPAL AIRPORT WY US',200012,9,166
COOP:489785,'WORLAND MUNICIPAL AIRPORT WY US',200101,10,184
COOP:489785,'WORLAND MUNICIPAL AIRPORT WY US',200102,18,146
COOP:489785,'WORLAND MUNICIPAL AIRPORT WY US',200103,23,366
COOP:489785,'WORLAND MUNICIPAL AIRPORT WY US',200104,72,474
COOP:489785,'WORLAND MUNICIPAL AIRPORT WY US',200105,36,588
COOP:489785,'WORLAND MUNICIPAL AIRPORT WY US',200106,61,660
COOP:489785,'WORLAND MUNICIPAL AIRPORT WY US',200107,49,745
COOP:489785,'WORLAND MUNICIPAL AIRPORT WY US',200108,13,732
COOP:489785,'WORLAND MUNICIPAL AIRPORT WY US',200109,54,627
COOP:489785,'WORLAND MUNICIPAL AIRPORT WY US',200110,22,464
COOP:489785,'WORLAND MUNICIPAL AIRPORT WY US',200111,34,358
COOP:489785,'WORLAND MUNICIPAL AIRPORT WY US',200112,8,212
COOP:489785,'WORLAND MUNICIPAL AIRPORT WY US',200201,15,157
COOP:489785,'WORLAND MUNICIPAL AIRPORT WY US',200202,3,230
COOP:489785,'WORLAND MUNICIPAL AIRPORT WY US',200203,35,276
COOP:489785,'WORLAND MUNICIPAL AIRPORT WY US',200204,93,450
COOP:489785,'WORLAND MUNICIPAL AIRPORT WY US',200205,33,542
COOP:489785,'WORLAND MUNICIPAL AIRPORT WY US',200206,43,671
COOP:489785,'WORLAND MUNICIPAL AIRPORT WY US',200207,199,749
COOP:489785,'WORLAND MUNICIPAL AIRPORT WY US',200208,39,673
COOP:489785,'WORLAND MUNICIPAL AIRPORT WY US',200209,27,601
COOP:489785,'WORLAND MUNICIPAL AIRPORT WY US',200210,53,402
COOP:489785,'WORLAND MUNICIPAL AIRPORT WY US',200211,35,309
COOP:489785,'WORLAND MUNICIPAL AIRPORT WY US',200212,0,223
COOP:489785,'WORLAND MUNICIPAL AIRPORT WY US',200301,11,266
COOP:489785,'WORLAND MUNICIPAL AIRPORT WY US',200302,24,195
COOP:489785,'WORLAND MUNICIPAL AIRPORT WY US',200303,99,353
COOP:489785,'WORLAND MUNICIPAL AIRPORT WY US',200304,149,495
COOP:489785,'WORLAND MUNICIPAL AIRPORT WY US',200305,113,562
COOP:489785,'WORLAND MUNICIPAL AIRPORT WY US',200306,123,632
COOP:489785,'WORLAND MUNICIPAL AIRPORT WY US',200307,6,754
COOP:489785,'WORLAND MUNICIPAL AIRPORT WY US',200308,90,744
COOP:489785,'WORLAND MUNICIPAL AIRPORT WY US',200309,97,571
COOP:489785,'WORLAND MUNICIPAL AIRPORT WY US',200310,20,494
COOP:489785,'WORLAND MUNICIPAL AIRPORT WY US',200311,6,247
COOP:489785,'WORLAND MUNICIPAL AIRPORT WY US',200312,35,247
COOP:489785,'WORLAND MUNICIPAL AIRPORT WY US',200401,11,112
COOP:489785,'WORLAND MUNICIPAL AIRPORT WY US',200402,97,228
COOP:489785,'WORLAND MUNICIPAL AIRPORT WY US',200403,0,422
COOP:489785,'WORLAND MUNICIPAL AIRPORT WY US',200404,138,489
COOP:489785,'WORLAND MUNICIPAL AIRPORT WY US',200405,31,549
COOP:489785,'WORLAND MUNICIPAL AIRPORT WY US',200406,41,626
COOP:489785,'WORLAND MUNICIPAL AIRPORT WY US',200407,127,700
COOP:489785,'WORLAND MUNICIPAL AIRPORT WY US',200408,13,666
COOP:489785,'WORLAND MUNICIPAL AIRPORT WY US',200409,96,585
COOP:489785,'WORLAND MUNICIPAL AIRPORT WY US',200410,25,469
COOP:489785,'WORLAND MUNICIPAL AIRPORT WY US',200411,0,330
COOP:489785,'WORLAND MUNICIPAL AIRPORT WY US',200412,0,260
COOP:489785,'WORLAND MUNICIPAL AIRPORT WY US',200502,8,287
COOP:489785,'WORLAND MUNICIPAL AIRPORT WY US',200503,29,377
COOP:489785,'WORLAND MUNICIPAL AIRPORT WY US',200504,178,464
COOP:489785,'WORLAND MUNICIPAL AIRPORT WY US',200505,262,542
COOP:489785,'WORLAND MUNICIPAL AIRPORT WY US',200506,72,641
COOP:489785,'WORLAND MUNICIPAL AIRPORT WY US',200507,39,739
COOP:489785,'WORLAND MUNICIPAL AIRPORT WY US',200508,38,680
COOP:489785,'WORLAND MUNICIPAL AIRPORT WY US',200509,58,601
COOP:489785,'WORLAND MUNICIPAL AIRPORT WY US',200510,152,481
COOP:489785,'WORLAND MUNICIPAL AIRPORT WY US',200511,50,343
COOP:489785,'WORLAND MUNICIPAL AIRPORT WY US',200512,7,158
COOP:489785,'WORLAND MUNICIPAL AIRPORT WY US',200601,0,310
COOP:489785,'WORLAND MUNICIPAL AIRPORT WY US',200602,8,250
COOP:489785,'WORLAND MUNICIPAL AIRPORT WY US',200603,29,364
COOP:489785,'WORLAND MUNICIPAL AIRPORT WY US',200604,77,497
COOP:489785,'WORLAND MUNICIPAL AIRPORT WY US',200605,108,579
COOP:489785,'WORLAND MUNICIPAL AIRPORT WY US',200606,44,694
COOP:489785,'WORLAND MUNICIPAL AIRPORT WY US',200607,9,760
COOP:489785,'WORLAND MUNICIPAL AIRPORT WY US',200608,5,699
COOP:489785,'WORLAND MUNICIPAL AIRPORT WY US',200609,84,573
COOP:489785,'WORLAND MUNICIPAL AIRPORT WY US',200610,27,439
COOP:489785,'WORLAND MUNICIPAL AIRPORT WY US',200611,0,352
COOP:489785,'WORLAND MUNICIPAL AIRPORT WY US',200612,0,217
COOP:489785,'WORLAND MUNICIPAL AIRPORT WY US',200701,0,101
COOP:489785,'WORLAND MUNICIPAL AIRPORT WY US',200702,0,207
COOP:489785,'WORLAND MUNICIPAL AIRPORT WY US',200703,6,422
COOP:489785,'WORLAND MUNICIPAL AIRPORT WY US',200704,86,466
COOP:489785,'WORLAND MUNICIPAL AIRPORT WY US',200705,43,575
COOP:489785,'WORLAND MUNICIPAL AIRPORT WY US',200706,45,679
COOP:489785,'WORLAND MUNICIPAL AIRPORT WY US',200707,24,776
COOP:489785,'WORLAND MUNICIPAL AIRPORT WY US',200708,56,718
COOP:489785,'WORLAND MUNICIPAL AIRPORT WY US',200709,42,605
COOP:489785,'WORLAND MUNICIPAL AIRPORT WY US',200710,137,476
COOP:489785,'WORLAND MUNICIPAL AIRPORT WY US',200711,1,343
COOP:489785,'WORLAND MUNICIPAL AIRPORT WY US',200712,21,154
COOP:489785,'WORLAND MUNICIPAL AIRPORT WY US',200801,27,141
COOP:489785,'WORLAND MUNICIPAL AIRPORT WY US',200802,2,280
COOP:489785,'WORLAND MUNICIPAL AIRPORT WY US',200803,54,343
COOP:489785,'WORLAND MUNICIPAL AIRPORT WY US',200804,65,411
COOP:489785,'WORLAND MUNICIPAL AIRPORT WY US',200805,310,532
COOP:489785,'WORLAND MUNICIPAL AIRPORT WY US',200806,13,630
COOP:489785,'WORLAND MUNICIPAL AIRPORT WY US',200807,20,728
COOP:489785,'WORLAND MUNICIPAL AIRPORT WY US',200808,2,706
COOP:489785,'WORLAND MUNICIPAL AIRPORT WY US',200809,150,570
COOP:489785,'WORLAND MUNICIPAL AIRPORT WY US',200810,132,448
COOP:489785,'WORLAND MUNICIPAL AIRPORT WY US',200811,52,383
COOP:489785,'WORLAND MUNICIPAL AIRPORT WY US',200812,2,146
COOP:489785,'WORLAND MUNICIPAL AIRPORT WY US',200901,26,199
COOP:489785,'WORLAND MUNICIPAL AIRPORT WY US',200902,4,282
COOP:489785,'WORLAND MUNICIPAL AIRPORT WY US',200903,37,346
COOP:489785,'WORLAND MUNICIPAL AIRPORT WY US',200904,138,440
COOP:489785,'WORLAND MUNICIPAL AIRPORT WY US',200905,46,564
COOP:489785,'WORLAND MUNICIPAL AIRPORT WY US',200906,156,614
COOP:489785,'WORLAND MUNICIPAL AIRPORT WY US',200907,19,704
COOP:489785,'WORLAND MUNICIPAL AIRPORT WY US',200908,87,679
COOP:489785,'WORLAND MUNICIPAL AIRPORT WY US',200909,26,635
COOP:489785,'WORLAND MUNICIPAL AIRPORT WY US',200910,115,391
COOP:489785,'WORLAND MUNICIPAL AIRPORT WY US',200911,11,356
COOP:489785,'WORLAND MUNICIPAL AIRPORT WY US',200912,1,99
COOP:489785,'WORLAND MUNICIPAL AIRPORT WY US',201001,49,152
COOP:489785,'WORLAND MUNICIPAL AIRPORT WY US',201002,7,209
COOP:489785,'WORLAND MUNICIPAL AIRPORT WY US',201003,4,403
COOP:489785,'WORLAND MUNICIPAL AIRPORT WY US',201004,47,449
COOP:489785,'WORLAND MUNICIPAL AIRPORT WY US',201005,249,500
COOP:489785,'WORLAND MUNICIPAL AIRPORT WY US',201006,174,639
COOP:489785,'WORLAND MUNICIPAL AIRPORT WY US',201007,12,721
COOP:489785,'WORLAND MUNICIPAL AIRPORT WY US',201008,36,704
COOP:489785,'WORLAND MUNICIPAL AIRPORT WY US',201009,22,609
COOP:489785,'WORLAND MUNICIPAL AIRPORT WY US',201010,62,516
COOP:489785,'WORLAND MUNICIPAL AIRPORT WY US',201011,52,277
COOP:489785,'WORLAND MUNICIPAL AIRPORT WY US',201012,24,183
COOP:489785,'WORLAND MUNICIPAL AIRPORT WY US',201101,14,134
COOP:489785,'WORLAND MUNICIPAL AIRPORT WY US',201102,12,137
COOP:489785,'WORLAND MUNICIPAL AIRPORT WY US',201103,43,372
COOP:489785,'WORLAND MUNICIPAL AIRPORT WY US',201104,62,429
COOP:489785,'WORLAND MUNICIPAL AIRPORT WY US',201105,453,502
COOP:489785,'WORLAND MUNICIPAL AIRPORT WY US',201106,165,638
COOP:489785,'WORLAND MUNICIPAL AIRPORT WY US',201107,87,756
COOP:489785,'WORLAND MUNICIPAL AIRPORT WY US',201108,5,730
COOP:489785,'WORLAND MUNICIPAL AIRPORT WY US',201109,5,622
COOP:489785,'WORLAND MUNICIPAL AIRPORT WY US',201110,185,503
COOP:489785,'WORLAND MUNICIPAL AIRPORT WY US',201111,19,306
COOP:489785,'WORLAND MUNICIPAL AIRPORT WY US',201112,13,198
COOP:489785,'WORLAND MUNICIPAL AIRPORT WY US',201201,3,257
COOP:489785,'WORLAND MUNICIPAL AIRPORT WY US',201202,2,259
COOP:489785,'WORLAND MUNICIPAL AIRPORT WY US',201203,5,447
COOP:489785,'WORLAND MUNICIPAL AIRPORT WY US',201204,19,506
COOP:489785,'WORLAND MUNICIPAL AIRPORT WY US',201205,106,555
COOP:489785,'WORLAND MUNICIPAL AIRPORT WY US',201206,1,702
COOP:489785,'WORLAND MUNICIPAL AIRPORT WY US',201207,42,781
COOP:489785,'WORLAND MUNICIPAL AIRPORT WY US',201208,3,730
COOP:489785,'WORLAND MUNICIPAL AIRPORT WY US',201209,0,628
COOP:489785,'WORLAND MUNICIPAL AIRPORT WY US',201210,26,448
COOP:489785,'WORLAND MUNICIPAL AIRPORT WY US',201211,60,321
COOP:489785,'WORLAND MUNICIPAL AIRPORT WY US',201212,26,212
COOP:489785,'WORLAND MUNICIPAL AIRPORT WY US',201301,13,137
COOP:489785,'WORLAND MUNICIPAL AIRPORT WY US',201302,26,198
COOP:489785,'WORLAND MUNICIPAL AIRPORT WY US',201303,20,366
COOP:489785,'WORLAND MUNICIPAL AIRPORT WY US',201304,98,407
COOP:489785,'WORLAND MUNICIPAL AIRPORT WY US',201305,112,575
COOP:489785,'WORLAND MUNICIPAL AIRPORT WY US',201306,9,677
COOP:489785,'WORLAND MUNICIPAL AIRPORT WY US',201307,30,755
COOP:489785,'WORLAND MUNICIPAL AIRPORT WY US',201308,13,737
COOP:489785,'WORLAND MUNICIPAL AIRPORT WY US',201309,263,629
COOP:489785,'WORLAND MUNICIPAL AIRPORT WY US',201310,178,421
COOP:489785,'WORLAND MUNICIPAL AIRPORT WY US',201311,12,307
COOP:489785,'WORLAND MUNICIPAL AIRPORT WY US',201312,12,143
COOP:489785,'WORLAND MUNICIPAL AIRPORT WY US',201401,25,166
COOP:489785,'WORLAND MUNICIPAL AIRPORT WY US',201402,13,123
COOP:489785,'WORLAND MUNICIPAL AIRPORT WY US',201403,40,345
COOP:489785,'WORLAND MUNICIPAL AIRPORT WY US',201404,28,453
COOP:489785,'WORLAND MUNICIPAL AIRPORT WY US',201405,113,565
COOP:489785,'WORLAND MUNICIPAL AIRPORT WY US',201406,162,627
COOP:489785,'WORLAND MUNICIPAL AIRPORT WY US',201407,25,738
COOP:482715,'DUBOIS WY US',200001,11,243
COOP:482715,'DUBOIS WY US',200002,62,298
COOP:482715,'DUBOIS WY US',200003,68,314
COOP:482715,'DUBOIS WY US',200004,76,405
COOP:482715,'DUBOIS WY US',200005,131,487
COOP:482715,'DUBOIS WY US',200006,79,550
COOP:482715,'DUBOIS WY US',200007,56,623
COOP:482715,'DUBOIS WY US',200008,45,617
COOP:482715,'DUBOIS WY US',200009,77,503
COOP:482715,'DUBOIS WY US',200010,14,386
COOP:482715,'DUBOIS WY US',200011,20,224
COOP:482715,'DUBOIS WY US',200012,28,240
COOP:482715,'DUBOIS WY US',200101,1,218
COOP:482715,'DUBOIS WY US',200102,37,211
COOP:482715,'DUBOIS WY US',200103,8,328
COOP:482715,'DUBOIS WY US',200104,50,386
COOP:482715,'DUBOIS WY US',200105,38,506
COOP:482715,'DUBOIS WY US',200106,38,570
COOP:482715,'DUBOIS WY US',200107,87,642
COOP:482715,'DUBOIS WY US',200108,92,642
COOP:482715,'DUBOIS WY US',200109,29,548
COOP:482715,'DUBOIS WY US',200110,12,411
COOP:482715,'DUBOIS WY US',200111,35,354
COOP:482715,'DUBOIS WY US',200112,26,221
COOP:482715,'DUBOIS WY US',200201,43,223
COOP:482715,'DUBOIS WY US',200202,5,234
COOP:482715,'DUBOIS WY US',200203,91,253
COOP:482715,'DUBOIS WY US',200204,96,384
COOP:482715,'DUBOIS WY US',200205,65,456
COOP:482715,'DUBOIS WY US',200206,15,573
COOP:482715,'DUBOIS WY US',200207,91,655
COOP:482715,'DUBOIS WY US',200208,54,587
COOP:482715,'DUBOIS WY US',200209,30,527
COOP:482715,'DUBOIS WY US',200210,64,349
COOP:482715,'DUBOIS WY US',200211,53,300
COOP:482715,'DUBOIS WY US',200212,0,276
COOP:482715,'DUBOIS WY US',200301,0,338
COOP:482715,'DUBOIS WY US',200302,42,204
COOP:482715,'DUBOIS WY US',200303,10,340
COOP:482715,'DUBOIS WY US',200304,30,399
COOP:482715,'DUBOIS WY US',200305,164,484
COOP:482715,'DUBOIS WY US',200306,35,528
COOP:482715,'DUBOIS WY US',200307,11,667
COOP:482715,'DUBOIS WY US',200308,115,636
COOP:482715,'DUBOIS WY US',200309,201,503
COOP:482715,'DUBOIS WY US',200310,48,437
COOP:482715,'DUBOIS WY US',200311,37,264
COOP:482715,'DUBOIS WY US',200312,12,275
COOP:482715,'DUBOIS WY US',200401,18,264
COOP:482715,'DUBOIS WY US',200402,30,259
COOP:482715,'DUBOIS WY US',200403,3,360
COOP:482715,'DUBOIS WY US',200404,176,407
COOP:482715,'DUBOIS WY US',200405,104,464
COOP:482715,'DUBOIS WY US',200406,238,543
COOP:482715,'DUBOIS WY US',200407,143,611
COOP:482715,'DUBOIS WY US',200408,98,582
COOP:482715,'DUBOIS WY US',200409,121,512
COOP:482715,'DUBOIS WY US',200410,47,417
COOP:482715,'DUBOIS WY US',200411,41,296
COOP:482715,'DUBOIS WY US',200412,37,261
COOP:482715,'DUBOIS WY US',200501,30,245
COOP:482715,'DUBOIS WY US',200502,15,253
COOP:482715,'DUBOIS WY US',200504,116,374
COOP:482715,'DUBOIS WY US',200505,347,457
COOP:482715,'DUBOIS WY US',200506,62,535
COOP:482715,'DUBOIS WY US',200510,125,420
COOP:482715,'DUBOIS WY US',200511,19,331
COOP:482715,'DUBOIS WY US',200512,7,212
COOP:482715,'DUBOIS WY US',200601,8,259
COOP:482715,'DUBOIS WY US',200602,33,213
COOP:482715,'DUBOIS WY US',200603,50,255
COOP:482715,'DUBOIS WY US',200604,23,412
COOP:482715,'DUBOIS WY US',200605,38,475
COOP:482715,'DUBOIS WY US',200606,79,573
COOP:482715,'DUBOIS WY US',200607,57,649
COOP:482715,'DUBOIS WY US',200608,42,576
COOP:482715,'DUBOIS WY US',200609,55,495
COOP:482715,'DUBOIS WY US',200610,80,387
COOP:482715,'DUBOIS WY US',200611,29,310
COOP:482715,'DUBOIS WY US',200612,10,215
COOP:482715,'DUBOIS WY US',200701,29,200
COOP:482715,'DUBOIS WY US',200702,15,275
COOP:482715,'DUBOIS WY US',200703,27,385
COOP:482715,'DUBOIS WY US',200704,46,391
COOP:482715,'DUBOIS WY US',200705,100,498
COOP:482715,'DUBOIS WY US',200706,70,565
COOP:482715,'DUBOIS WY US',200707,295,653
COOP:482715,'DUBOIS WY US',200708,175,596
COOP:482715,'DUBOIS WY US',200709,64,511
COOP:482715,'DUBOIS WY US',200710,147,416
COOP:482715,'DUBOIS WY US',200711,54,298
COOP:482715,'DUBOIS WY US',200712,37,191
COOP:482715,'DUBOIS WY US',200801,28,174
COOP:482715,'DUBOIS WY US',200803,31,260
COOP:482715,'DUBOIS WY US',200804,25,326
COOP:482715,'DUBOIS WY US',200805,340,441
COOP:482715,'DUBOIS WY US',200806,91,527
COOP:482715,'DUBOIS WY US',200807,29,612
COOP:482715,'DUBOIS WY US',200808,65,583
COOP:482715,'DUBOIS WY US',200809,79,495
COOP:482715,'DUBOIS WY US',200810,91,410
COOP:482715,'DUBOIS WY US',200811,50,351
COOP:482715,'DUBOIS WY US',200812,65,182
COOP:482715,'DUBOIS WY US',200901,42,253
COOP:482715,'DUBOIS WY US',200902,21,273
COOP:482715,'DUBOIS WY US',200903,52,325
COOP:482715,'DUBOIS WY US',200904,211,360
COOP:482715,'DUBOIS WY US',200905,71,463
COOP:482715,'DUBOIS WY US',200906,390,508
COOP:482715,'DUBOIS WY US',200907,88,590
COOP:482715,'DUBOIS WY US',200908,80,568
COOP:482715,'DUBOIS WY US',200911,2,333
COOP:482715,'DUBOIS WY US',201001,23,231
COOP:482715,'DUBOIS WY US',201002,18,232
COOP:482715,'DUBOIS WY US',201003,31,328
COOP:482715,'DUBOIS WY US',201004,305,355
COOP:482715,'DUBOIS WY US',201005,261,368
COOP:482715,'DUBOIS WY US',201006,171,522
COOP:482715,'DUBOIS WY US',201007,56,600
COOP:482715,'DUBOIS WY US',201008,132,585
COOP:482715,'DUBOIS WY US',201009,25,530
COOP:482715,'DUBOIS WY US',201010,40,453
COOP:482715,'DUBOIS WY US',201011,57,279
COOP:482715,'DUBOIS WY US',201101,22,246
COOP:482715,'DUBOIS WY US',201102,69,198
COOP:482715,'DUBOIS WY US',201107,34,612
COOP:482715,'DUBOIS WY US',201108,171,597
COOP:482715,'DUBOIS WY US',201109,12,520
COOP:482715,'DUBOIS WY US',201111,36,283
COOP:482715,'DUBOIS WY US',201201,8,262
COOP:482715,'DUBOIS WY US',201202,44,214
COOP:482715,'DUBOIS WY US',201203,32,346
COOP:482715,'DUBOIS WY US',201205,204,460
COOP:482715,'DUBOIS WY US',201206,12,560
COOP:482715,'DUBOIS WY US',201207,86,631
COOP:482715,'DUBOIS WY US',201208,7,609
COOP:482715,'DUBOIS WY US',201209,51,543
COOP:482715,'DUBOIS WY US',201210,153,398
COOP:482715,'DUBOIS WY US',201211,48,351
COOP:482715,'DUBOIS WY US',201301,35,223
COOP:482715,'DUBOIS WY US',201302,33,246
COOP:482715,'DUBOIS WY US',201304,60,331
COOP:482715,'DUBOIS WY US',201305,157,478
COOP:482715,'DUBOIS WY US',201306,5,569
COOP:482715,'DUBOIS WY US',201307,122,628
COOP:482715,'DUBOIS WY US',201308,60,621
COOP:482715,'DUBOIS WY US',201309,317,531
COOP:482715,'DUBOIS WY US',201310,323,366
COOP:482715,'DUBOIS WY US',201312,35,208
COOP:482715,'DUBOIS WY US',201401,35,260
COOP:482715,'DUBOIS WY US',201402,112,173
COOP:482715,'DUBOIS WY US',201403,64,317
COOP:482715,'DUBOIS WY US',201404,61,384
COOP:482715,'DUBOIS WY US',201405,155,477
COOP:482715,'DUBOIS WY US',201406,101,518
COOP:482715,'DUBOIS WY US',201407,140,619
COOP:481131,'BUCKBOARD MARINA WY US',200203,45,299
COOP:481131,'BUCKBOARD MARINA WY US',200204,2,434
COOP:481131,'BUCKBOARD MARINA WY US',200205,25,520
COOP:481131,'BUCKBOARD MARINA WY US',200206,67,641
COOP:481131,'BUCKBOARD MARINA WY US',200207,12,727
COOP:481131,'BUCKBOARD MARINA WY US',200208,11,671
COOP:481131,'BUCKBOARD MARINA WY US',200209,85,582
COOP:481131,'BUCKBOARD MARINA WY US',200210,85,428
COOP:481131,'BUCKBOARD MARINA WY US',200211,43,311
COOP:481131,'BUCKBOARD MARINA WY US',200212,1,270
COOP:481131,'BUCKBOARD MARINA WY US',200301,7,309
COOP:481131,'BUCKBOARD MARINA WY US',200302,13,243
COOP:481131,'BUCKBOARD MARINA WY US',200303,84,359
COOP:481131,'BUCKBOARD MARINA WY US',200304,28,438
COOP:481131,'BUCKBOARD MARINA WY US',200305,135,525
COOP:481131,'BUCKBOARD MARINA WY US',200306,256,606
COOP:481131,'BUCKBOARD MARINA WY US',200307,31,733
COOP:481131,'BUCKBOARD MARINA WY US',200308,115,713
COOP:481131,'BUCKBOARD MARINA WY US',200309,35,563
COOP:481131,'BUCKBOARD MARINA WY US',200310,3,503
COOP:481131,'BUCKBOARD MARINA WY US',200311,49,263
COOP:481131,'BUCKBOARD MARINA WY US',200312,50,245
COOP:481131,'BUCKBOARD MARINA WY US',200401,12,129
COOP:481131,'BUCKBOARD MARINA WY US',200402,48,172
COOP:481131,'BUCKBOARD MARINA WY US',200403,1,376
COOP:481131,'BUCKBOARD MARINA WY US',200404,41,452
COOP:481131,'BUCKBOARD MARINA WY US',200405,133,528
COOP:481131,'BUCKBOARD MARINA WY US',200406,41,605
COOP:481131,'BUCKBOARD MARINA WY US',200407,53,672
COOP:481131,'BUCKBOARD MARINA WY US',200408,93,643
COOP:481131,'BUCKBOARD MARINA WY US',200409,118,558
COOP:481131,'BUCKBOARD MARINA WY US',200410,171,463
COOP:481131,'BUCKBOARD MARINA WY US',200411,53,314
COOP:481131,'BUCKBOARD MARINA WY US',200412,3,267
COOP:481131,'BUCKBOARD MARINA WY US',200501,32,259
COOP:481131,'BUCKBOARD MARINA WY US',200502,16,235
COOP:481131,'BUCKBOARD MARINA WY US',200503,45,343
COOP:481131,'BUCKBOARD MARINA WY US',200504,98,420
COOP:481131,'BUCKBOARD MARINA WY US',200505,141,522
COOP:481131,'BUCKBOARD MARINA WY US',200506,115,577
COOP:481131,'BUCKBOARD MARINA WY US',200507,15,701
COOP:481131,'BUCKBOARD MARINA WY US',200508,79,656
COOP:481131,'BUCKBOARD MARINA WY US',200509,35,566
COOP:481131,'BUCKBOARD MARINA WY US',200510,90,472
COOP:481131,'BUCKBOARD MARINA WY US',200511,43,353
COOP:481131,'BUCKBOARD MARINA WY US',200512,57,219
COOP:481131,'BUCKBOARD MARINA WY US',200601,36,254
COOP:481131,'BUCKBOARD MARINA WY US',200602,7,233
COOP:481131,'BUCKBOARD MARINA WY US',200603,36,322
COOP:481131,'BUCKBOARD MARINA WY US',200604,24,444
COOP:481131,'BUCKBOARD MARINA WY US',200605,68,539
COOP:481131,'BUCKBOARD MARINA WY US',200606,41,649
COOP:481131,'BUCKBOARD MARINA WY US',200607,12,723
COOP:481131,'BUCKBOARD MARINA WY US',200608,72,656
COOP:481131,'BUCKBOARD MARINA WY US',200609,133,543
COOP:481131,'BUCKBOARD MARINA WY US',200610,112,442
COOP:481131,'BUCKBOARD MARINA WY US',200611,6,332
COOP:481131,'BUCKBOARD MARINA WY US',200612,83,219
COOP:481131,'BUCKBOARD MARINA WY US',200701,25,100
COOP:481131,'BUCKBOARD MARINA WY US',200702,8,278
COOP:481131,'BUCKBOARD MARINA WY US',200703,41,371
COOP:481131,'BUCKBOARD MARINA WY US',200704,25,441
COOP:481131,'BUCKBOARD MARINA WY US',200705,144,523
COOP:481131,'BUCKBOARD MARINA WY US',200706,0,648
COOP:481131,'BUCKBOARD MARINA WY US',200707,24,736
COOP:481131,'BUCKBOARD MARINA WY US',200708,58,694
COOP:481131,'BUCKBOARD MARINA WY US',200709,65,577
COOP:481131,'BUCKBOARD MARINA WY US',200710,147,460
COOP:481131,'BUCKBOARD MARINA WY US',200711,5,351
COOP:481131,'BUCKBOARD MARINA WY US',200712,18,204
COOP:481131,'BUCKBOARD MARINA WY US',200801,9,123
COOP:481131,'BUCKBOARD MARINA WY US',200802,73,224
COOP:481131,'BUCKBOARD MARINA WY US',200803,40,299
COOP:481131,'BUCKBOARD MARINA WY US',200804,0,370
COOP:481131,'BUCKBOARD MARINA WY US',200805,47,493
COOP:481131,'BUCKBOARD MARINA WY US',200806,21,597
COOP:481131,'BUCKBOARD MARINA WY US',200807,11,699
COOP:481131,'BUCKBOARD MARINA WY US',200808,10,672
COOP:481131,'BUCKBOARD MARINA WY US',200809,233,566
COOP:481131,'BUCKBOARD MARINA WY US',200810,147,459
COOP:481131,'BUCKBOARD MARINA WY US',200811,3,371
COOP:481131,'BUCKBOARD MARINA WY US',200812,20,242
COOP:481131,'BUCKBOARD MARINA WY US',200901,19,265
COOP:481131,'BUCKBOARD MARINA WY US',200902,30,260
COOP:481131,'BUCKBOARD MARINA WY US',200903,37,327
COOP:481131,'BUCKBOARD MARINA WY US',200904,168,406
COOP:481131,'BUCKBOARD MARINA WY US',200905,89,530
COOP:481131,'BUCKBOARD MARINA WY US',200906,319,576
COOP:481131,'BUCKBOARD MARINA WY US',200907,57,680
COOP:481131,'BUCKBOARD MARINA WY US',200908,61,639
COOP:481131,'BUCKBOARD MARINA WY US',200909,121,607
COOP:481131,'BUCKBOARD MARINA WY US',200910,136,405
COOP:481131,'BUCKBOARD MARINA WY US',200911,11,334
COOP:481131,'BUCKBOARD MARINA WY US',201001,1,231
COOP:481131,'BUCKBOARD MARINA WY US',201002,15,243
COOP:481131,'BUCKBOARD MARINA WY US',201003,53,342
COOP:481131,'BUCKBOARD MARINA WY US',201004,92,403
COOP:481131,'BUCKBOARD MARINA WY US',201005,87,457
COOP:481131,'BUCKBOARD MARINA WY US',201006,137,606
COOP:481131,'BUCKBOARD MARINA WY US',201007,51,685
COOP:481131,'BUCKBOARD MARINA WY US',201008,85,657
COOP:481131,'BUCKBOARD MARINA WY US',201009,18,587
COOP:481131,'BUCKBOARD MARINA WY US',201010,48,482
COOP:481131,'BUCKBOARD MARINA WY US',201011,20,316
COOP:481131,'BUCKBOARD MARINA WY US',201012,65,257
COOP:481131,'BUCKBOARD MARINA WY US',201101,27,216
COOP:481131,'BUCKBOARD MARINA WY US',201103,27,335
COOP:481131,'BUCKBOARD MARINA WY US',201104,47,394
COOP:481131,'BUCKBOARD MARINA WY US',201109,11,597
COOP:481131,'BUCKBOARD MARINA WY US',201110,129,465
COOP:481131,'BUCKBOARD MARINA WY US',201111,107,284
COOP:481131,'BUCKBOARD MARINA WY US',201112,12,200
COOP:481131,'BUCKBOARD MARINA WY US',201201,8,263
COOP:481131,'BUCKBOARD MARINA WY US',201202,24,246
COOP:481131,'BUCKBOARD MARINA WY US',201203,5,389
COOP:481131,'BUCKBOARD MARINA WY US',201204,78,455
COOP:481131,'BUCKBOARD MARINA WY US',201205,6,531
COOP:481131,'BUCKBOARD MARINA WY US',201207,21,696
COOP:481131,'BUCKBOARD MARINA WY US',201208,4,698
COOP:481131,'BUCKBOARD MARINA WY US',201209,45,591
COOP:481131,'BUCKBOARD MARINA WY US',201210,51,458
COOP:481131,'BUCKBOARD MARINA WY US',201211,45,371
COOP:481131,'BUCKBOARD MARINA WY US',201212,56,228
COOP:481131,'BUCKBOARD MARINA WY US',201301,2,155
COOP:481131,'BUCKBOARD MARINA WY US',201302,3,246
COOP:481131,'BUCKBOARD MARINA WY US',201303,5,340
COOP:481131,'BUCKBOARD MARINA WY US',201304,51,392
COOP:481131,'BUCKBOARD MARINA WY US',201305,90,523
COOP:481131,'BUCKBOARD MARINA WY US',201306,8,643
COOP:481131,'BUCKBOARD MARINA WY US',201307,24,708
COOP:481131,'BUCKBOARD MARINA WY US',201308,9,710
COOP:481131,'BUCKBOARD MARINA WY US',201309,166,627
COOP:481131,'BUCKBOARD MARINA WY US',201310,152,471
COOP:481131,'BUCKBOARD MARINA WY US',201311,7,363
COOP:481131,'BUCKBOARD MARINA WY US',201312,52,246
COOP:481131,'BUCKBOARD MARINA WY US',201401,5,301
COOP:481131,'BUCKBOARD MARINA WY US',201402,11,316
COOP:481131,'BUCKBOARD MARINA WY US',201403,10,393
COOP:481131,'BUCKBOARD MARINA WY US',201404,2,439
COOP:481131,'BUCKBOARD MARINA WY US',201405,24,552
COOP:481131,'BUCKBOARD MARINA WY US',201406,56,601
COOP:481131,'BUCKBOARD MARINA WY US',201407,52,696
COOP:486660,'NEWCASTLE WY US',200001,53,277
COOP:486660,'NEWCASTLE WY US',200002,84,337
COOP:486660,'NEWCASTLE WY US',200003,44,400
COOP:486660,'NEWCASTLE WY US',200004,270,466
COOP:486660,'NEWCASTLE WY US',200005,234,576
COOP:486660,'NEWCASTLE WY US',200006,173,637
COOP:486660,'NEWCASTLE WY US',200007,220,760
COOP:486660,'NEWCASTLE WY US',200008,138,762
COOP:486660,'NEWCASTLE WY US',200009,95,625
COOP:486660,'NEWCASTLE WY US',200010,19,507
COOP:486660,'NEWCASTLE WY US',200011,148,246
COOP:486660,'NEWCASTLE WY US',200012,37,183
COOP:486660,'NEWCASTLE WY US',200101,15,264
COOP:486660,'NEWCASTLE WY US',200102,99,213
COOP:486660,'NEWCASTLE WY US',200103,61,364
COOP:486660,'NEWCASTLE WY US',200104,190,479
COOP:486660,'NEWCASTLE WY US',200105,63,575
COOP:486660,'NEWCASTLE WY US',200106,295,661
COOP:486660,'NEWCASTLE WY US',200107,329,771
COOP:486660,'NEWCASTLE WY US',200108,213,759
COOP:486660,'NEWCASTLE WY US',200109,93,654
COOP:486660,'NEWCASTLE WY US',200110,152,479
COOP:486660,'NEWCASTLE WY US',200111,57,395
COOP:486660,'NEWCASTLE WY US',200112,12,250
COOP:486660,'NEWCASTLE WY US',200201,16,251
COOP:486660,'NEWCASTLE WY US',200202,28,297
COOP:486660,'NEWCASTLE WY US',200203,121,278
COOP:486660,'NEWCASTLE WY US',200204,143,451
COOP:486660,'NEWCASTLE WY US',200205,298,520
COOP:486660,'NEWCASTLE WY US',200206,38,702
COOP:486660,'NEWCASTLE WY US',200207,144,788
COOP:486660,'NEWCASTLE WY US',200208,129,709
COOP:486660,'NEWCASTLE WY US',200209,366,618
COOP:486660,'NEWCASTLE WY US',200210,95,411
COOP:486660,'NEWCASTLE WY US',200211,21,347
COOP:486660,'NEWCASTLE WY US',200212,43,289
COOP:486660,'NEWCASTLE WY US',200301,100,279
COOP:486660,'NEWCASTLE WY US',200302,139,241
COOP:486660,'NEWCASTLE WY US',200303,161,351
COOP:486660,'NEWCASTLE WY US',200304,140,496
COOP:486660,'NEWCASTLE WY US',200305,113,559
COOP:486660,'NEWCASTLE WY US',200306,331,610
COOP:486660,'NEWCASTLE WY US',200307,90,787
COOP:486660,'NEWCASTLE WY US',200308,56,777
COOP:486660,'NEWCASTLE WY US',200309,136,590
COOP:486660,'NEWCASTLE WY US',200310,52,528
COOP:486660,'NEWCASTLE WY US',200311,85,284
COOP:486660,'NEWCASTLE WY US',200312,70,281
COOP:486660,'NEWCASTLE WY US',200401,36,242
COOP:486660,'NEWCASTLE WY US',200402,35,294
COOP:486660,'NEWCASTLE WY US',200403,36,397
COOP:486660,'NEWCASTLE WY US',200404,76,494
COOP:486660,'NEWCASTLE WY US',200405,163,561
COOP:486660,'NEWCASTLE WY US',200406,101,622
COOP:486660,'NEWCASTLE WY US',200407,445,714
COOP:486660,'NEWCASTLE WY US',200408,28,678
COOP:486660,'NEWCASTLE WY US',200409,106,630
COOP:486660,'NEWCASTLE WY US',200410,108,500
COOP:486660,'NEWCASTLE WY US',200411,42,371
COOP:486660,'NEWCASTLE WY US',200412,16,291
COOP:486660,'NEWCASTLE WY US',200501,56,240
COOP:486660,'NEWCASTLE WY US',200502,27,333
COOP:486660,'NEWCASTLE WY US',200503,69,378
COOP:486660,'NEWCASTLE WY US',200504,209,468
COOP:486660,'NEWCASTLE WY US',200505,362,526
COOP:486660,'NEWCASTLE WY US',200506,225,658
COOP:486660,'NEWCASTLE WY US',200507,231,756
COOP:486660,'NEWCASTLE WY US',200508,395,705
COOP:486660,'NEWCASTLE WY US',200509,85,639
COOP:486660,'NEWCASTLE WY US',200510,151,505
COOP:486660,'NEWCASTLE WY US',200511,29,390
COOP:486660,'NEWCASTLE WY US',200512,74,222
COOP:486660,'NEWCASTLE WY US',200601,2,344
COOP:486660,'NEWCASTLE WY US',200602,70,247
COOP:486660,'NEWCASTLE WY US',200603,100,364
COOP:486660,'NEWCASTLE WY US',200604,291,498
COOP:486660,'NEWCASTLE WY US',200605,283,569
COOP:486660,'NEWCASTLE WY US',200606,97,703
COOP:486660,'NEWCASTLE WY US',200607,102,788
COOP:486660,'NEWCASTLE WY US',200608,272,722
COOP:486660,'NEWCASTLE WY US',200609,59,573
COOP:486660,'NEWCASTLE WY US',200610,36,446
COOP:486660,'NEWCASTLE WY US',200611,51,355
COOP:486660,'NEWCASTLE WY US',200612,8,285
COOP:486660,'NEWCASTLE WY US',200701,23,220
COOP:486660,'NEWCASTLE WY US',200702,129,238
COOP:486660,'NEWCASTLE WY US',200703,96,428
COOP:486660,'NEWCASTLE WY US',200704,181,443
COOP:486660,'NEWCASTLE WY US',200705,288,598
COOP:486660,'NEWCASTLE WY US',200706,189,673
COOP:486660,'NEWCASTLE WY US',200707,141,789
COOP:486660,'NEWCASTLE WY US',200708,178,752
COOP:486660,'NEWCASTLE WY US',200709,126,634
COOP:486660,'NEWCASTLE WY US',200710,82,504
COOP:486660,'NEWCASTLE WY US',200711,25,369
COOP:486660,'NEWCASTLE WY US',200712,95,202
COOP:486660,'NEWCASTLE WY US',200801,76,192
COOP:486660,'NEWCASTLE WY US',200802,56,254
COOP:486660,'NEWCASTLE WY US',200803,94,344
COOP:486660,'NEWCASTLE WY US',200804,81,432
COOP:486660,'NEWCASTLE WY US',200805,448,522
COOP:486660,'NEWCASTLE WY US',200806,111,625
COOP:486660,'NEWCASTLE WY US',200807,358,733
COOP:486660,'NEWCASTLE WY US',200808,40,722
COOP:486660,'NEWCASTLE WY US',200809,203,587
COOP:486660,'NEWCASTLE WY US',200810,120,480
COOP:486660,'NEWCASTLE WY US',200811,152,381
COOP:486660,'NEWCASTLE WY US',200812,30,185
COOP:486660,'NEWCASTLE WY US',200901,106,238
COOP:486660,'NEWCASTLE WY US',200902,57,309
COOP:486660,'NEWCASTLE WY US',200903,66,353
COOP:486660,'NEWCASTLE WY US',200904,273,433
COOP:486660,'NEWCASTLE WY US',200905,109,556
COOP:486660,'NEWCASTLE WY US',200906,306,616
COOP:486660,'NEWCASTLE WY US',200907,238,701
COOP:486660,'NEWCASTLE WY US',200908,201,682
COOP:486660,'NEWCASTLE WY US',200909,49,642
COOP:486660,'NEWCASTLE WY US',200910,143,387
COOP:486660,'NEWCASTLE WY US',200911,0,410
COOP:486660,'NEWCASTLE WY US',200912,80,164
COOP:486660,'NEWCASTLE WY US',201001,25,245
COOP:486660,'NEWCASTLE WY US',201002,51,238
COOP:486660,'NEWCASTLE WY US',201003,15,408
COOP:486660,'NEWCASTLE WY US',201004,160,458
COOP:486660,'NEWCASTLE WY US',201005,387,501
COOP:486660,'NEWCASTLE WY US',201006,333,641
COOP:486660,'NEWCASTLE WY US',201007,185,707
COOP:486660,'NEWCASTLE WY US',201008,16,740
COOP:486660,'NEWCASTLE WY US',201009,24,620
COOP:486660,'NEWCASTLE WY US',201010,174,522
COOP:486660,'NEWCASTLE WY US',201011,54,324
COOP:486660,'NEWCASTLE WY US',201012,38,257
COOP:486660,'NEWCASTLE WY US',201101,73,220
COOP:486660,'NEWCASTLE WY US',201102,63,188
COOP:486660,'NEWCASTLE WY US',201103,110,347
COOP:486660,'NEWCASTLE WY US',201104,157,420
COOP:486660,'NEWCASTLE WY US',201105,828,491
COOP:486660,'NEWCASTLE WY US',201106,149,620
COOP:486660,'NEWCASTLE WY US',201107,12,761
COOP:486660,'NEWCASTLE WY US',201108,155,741
COOP:486660,'NEWCASTLE WY US',201109,87,627
COOP:486660,'NEWCASTLE WY US',201110,90,501
COOP:486660,'NEWCASTLE WY US',201111,82,342
COOP:486660,'NEWCASTLE WY US',201112,26,258
COOP:486660,'NEWCASTLE WY US',201201,17,269
COOP:486660,'NEWCASTLE WY US',201202,112,271
COOP:486660,'NEWCASTLE WY US',201203,26,469
COOP:486660,'NEWCASTLE WY US',201204,91,513
COOP:486660,'NEWCASTLE WY US',201205,206,572
COOP:486660,'NEWCASTLE WY US',201206,63,715
COOP:486660,'NEWCASTLE WY US',201207,182,792
COOP:486660,'NEWCASTLE WY US',201208,10,740
COOP:486660,'NEWCASTLE WY US',201209,13,640
COOP:486660,'NEWCASTLE WY US',201210,113,456
COOP:486660,'NEWCASTLE WY US',201211,60,384
COOP:486660,'NEWCASTLE WY US',201212,31,267
COOP:486660,'NEWCASTLE WY US',201301,54,236
COOP:486660,'NEWCASTLE WY US',201302,16,277
COOP:486660,'NEWCASTLE WY US',201303,35,347
COOP:486660,'NEWCASTLE WY US',201304,234,385
COOP:486660,'NEWCASTLE WY US',201305,442,573
COOP:486660,'NEWCASTLE WY US',201306,252,666
COOP:486660,'NEWCASTLE WY US',201307,355,733
COOP:486660,'NEWCASTLE WY US',201308,265,730
COOP:486660,'NEWCASTLE WY US',201309,170,655
COOP:486660,'NEWCASTLE WY US',201311,37,346
COOP:486660,'NEWCASTLE WY US',201312,57,195
COOP:486660,'NEWCASTLE WY US',201401,35,250
COOP:486660,'NEWCASTLE WY US',201402,31,206
COOP:486660,'NEWCASTLE WY US',201403,85,325
COOP:486660,'NEWCASTLE WY US',201404,128,438
COOP:486660,'NEWCASTLE WY US',201405,71,554
COOP:486660,'NEWCASTLE WY US',201406,325,624
COOP:486660,'NEWCASTLE WY US',201407,102,720
COOP:482680,'DOUBLE FOUR RANCH WY US',200001,33,295
COOP:482680,'DOUBLE FOUR RANCH WY US',200002,193,335
COOP:482680,'DOUBLE FOUR RANCH WY US',200003,113,372
COOP:482680,'DOUBLE FOUR RANCH WY US',200004,292,439
COOP:482680,'DOUBLE FOUR RANCH WY US',200005,492,529
COOP:482680,'DOUBLE FOUR RANCH WY US',200006,106,584
COOP:482680,'DOUBLE FOUR RANCH WY US',200007,42,673
COOP:482680,'DOUBLE FOUR RANCH WY US',200008,36,667
COOP:482680,'DOUBLE FOUR RANCH WY US',200009,218,553
COOP:482680,'DOUBLE FOUR RANCH WY US',200010,55,459
COOP:482680,'DOUBLE FOUR RANCH WY US',200011,88,230
COOP:482680,'DOUBLE FOUR RANCH WY US',200012,102,235
COOP:482680,'DOUBLE FOUR RANCH WY US',200101,20,248
COOP:482680,'DOUBLE FOUR RANCH WY US',200102,55,255
COOP:482680,'DOUBLE FOUR RANCH WY US',200103,10,342
COOP:482680,'DOUBLE FOUR RANCH WY US',200104,245,431
COOP:482680,'DOUBLE FOUR RANCH WY US',200105,271,519
COOP:482680,'DOUBLE FOUR RANCH WY US',200106,57,601
COOP:482680,'DOUBLE FOUR RANCH WY US',200107,185,683
COOP:482680,'DOUBLE FOUR RANCH WY US',200108,64,674
COOP:482680,'DOUBLE FOUR RANCH WY US',200109,212,586
COOP:482680,'DOUBLE FOUR RANCH WY US',200110,106,464
COOP:482680,'DOUBLE FOUR RANCH WY US',200111,11,378
COOP:482680,'DOUBLE FOUR RANCH WY US',200112,5,268
COOP:482680,'DOUBLE FOUR RANCH WY US',200201,2,257
COOP:482680,'DOUBLE FOUR RANCH WY US',200202,54,288
COOP:482680,'DOUBLE FOUR RANCH WY US',200203,189,275
COOP:482680,'DOUBLE FOUR RANCH WY US',200204,67,435
COOP:482680,'DOUBLE FOUR RANCH WY US',200205,44,491
COOP:482680,'DOUBLE FOUR RANCH WY US',200206,96,621
COOP:482680,'DOUBLE FOUR RANCH WY US',200207,136,699
COOP:482680,'DOUBLE FOUR RANCH WY US',200208,54,641
COOP:482680,'DOUBLE FOUR RANCH WY US',200209,132,569
COOP:482680,'DOUBLE FOUR RANCH WY US',200210,118,385
COOP:482680,'DOUBLE FOUR RANCH WY US',200211,65,342
COOP:482680,'DOUBLE FOUR RANCH WY US',200212,12,301
COOP:482680,'DOUBLE FOUR RANCH WY US',200301,5,338
COOP:482680,'DOUBLE FOUR RANCH WY US',200302,38,239
COOP:482680,'DOUBLE FOUR RANCH WY US',200303,256,361
COOP:482680,'DOUBLE FOUR RANCH WY US',200304,449,439
COOP:482680,'DOUBLE FOUR RANCH WY US',200305,114,505
COOP:482680,'DOUBLE FOUR RANCH WY US',200306,296,561
COOP:482680,'DOUBLE FOUR RANCH WY US',200307,57,688
COOP:482680,'DOUBLE FOUR RANCH WY US',200308,103,664
COOP:482680,'DOUBLE FOUR RANCH WY US',200309,96,539
COOP:482680,'DOUBLE FOUR RANCH WY US',200310,47,487
COOP:482680,'DOUBLE FOUR RANCH WY US',200311,86,309
COOP:482680,'DOUBLE FOUR RANCH WY US',200312,30,300
COOP:482680,'DOUBLE FOUR RANCH WY US',200401,4,289
COOP:482680,'DOUBLE FOUR RANCH WY US',200402,50,289
COOP:482680,'DOUBLE FOUR RANCH WY US',200403,56,407
COOP:482680,'DOUBLE FOUR RANCH WY US',200404,205,436
COOP:482680,'DOUBLE FOUR RANCH WY US',200405,156,526
COOP:482680,'DOUBLE FOUR RANCH WY US',200406,321,556
COOP:482680,'DOUBLE FOUR RANCH WY US',200407,175,629
COOP:482680,'DOUBLE FOUR RANCH WY US',200408,77,601
COOP:482680,'DOUBLE FOUR RANCH WY US',200409,285,547
COOP:482680,'DOUBLE FOUR RANCH WY US',200410,59,445
COOP:482680,'DOUBLE FOUR RANCH WY US',200411,198,318
COOP:482680,'DOUBLE FOUR RANCH WY US',200412,8,286
COOP:482680,'DOUBLE FOUR RANCH WY US',200501,41,292
COOP:482680,'DOUBLE FOUR RANCH WY US',200502,11,309
COOP:482680,'DOUBLE FOUR RANCH WY US',200503,68,350
COOP:482680,'DOUBLE FOUR RANCH WY US',200504,149,409
COOP:482680,'DOUBLE FOUR RANCH WY US',200505,367,483
COOP:482680,'DOUBLE FOUR RANCH WY US',200506,191,578
COOP:482680,'DOUBLE FOUR RANCH WY US',200507,150,680
COOP:482680,'DOUBLE FOUR RANCH WY US',200508,127,619
COOP:482680,'DOUBLE FOUR RANCH WY US',200509,22,571
COOP:482680,'DOUBLE FOUR RANCH WY US',200510,76,472
COOP:482680,'DOUBLE FOUR RANCH WY US',200511,59,390
COOP:482680,'DOUBLE FOUR RANCH WY US',200512,23,240
COOP:482685,'DOUGLAS 1 SE WY US',200001,97,286
COOP:482685,'DOUGLAS 1 SE WY US',200002,131,344
COOP:482685,'DOUGLAS 1 SE WY US',200003,115,383
COOP:482685,'DOUGLAS 1 SE WY US',200004,312,457
COOP:482685,'DOUGLAS 1 SE WY US',200005,177,566
COOP:482685,'DOUGLAS 1 SE WY US',200006,108,630
COOP:482685,'DOUGLAS 1 SE WY US',200007,82,732
COOP:482685,'DOUGLAS 1 SE WY US',200008,64,715
COOP:482685,'DOUGLAS 1 SE WY US',200009,327,573
COOP:482685,'DOUGLAS 1 SE WY US',200102,101,216
COOP:482685,'DOUGLAS 1 SE WY US',200103,49,352
COOP:482685,'DOUGLAS 1 SE WY US',200104,105,450
COOP:482685,'DOUGLAS 1 SE WY US',200105,93,548
COOP:482685,'DOUGLAS 1 SE WY US',200106,81,652
COOP:482685,'DOUGLAS 1 SE WY US',200107,310,734
COOP:482685,'DOUGLAS 1 SE WY US',200108,61,727
COOP:482685,'DOUGLAS 1 SE WY US',200109,110,618
COOP:482685,'DOUGLAS 1 SE WY US',200110,132,474
COOP:482685,'DOUGLAS 1 SE WY US',200111,85,370
COOP:482685,'DOUGLAS 1 SE WY US',200112,3,282
COOP:482685,'DOUGLAS 1 SE WY US',200201,15,271
COOP:482685,'DOUGLAS 1 SE WY US',200202,14,288
COOP:482685,'DOUGLAS 1 SE WY US',200203,160,276
COOP:482685,'DOUGLAS 1 SE WY US',200204,78,458
COOP:482685,'DOUGLAS 1 SE WY US',200205,95,521
COOP:482685,'DOUGLAS 1 SE WY US',200206,76,671
COOP:482685,'DOUGLAS 1 SE WY US',200207,91,744
COOP:482685,'DOUGLAS 1 SE WY US',200208,95,682
COOP:482685,'DOUGLAS 1 SE WY US',200209,106,598
COOP:482685,'DOUGLAS 1 SE WY US',200210,92,398
COOP:482685,'DOUGLAS 1 SE WY US',200211,27,345
COOP:482685,'DOUGLAS 1 SE WY US',200212,8,315
COOP:482685,'DOUGLAS 1 SE WY US',200301,28,331
COOP:482685,'DOUGLAS 1 SE WY US',200302,81,229
COOP:482685,'DOUGLAS 1 SE WY US',200303,375,363
COOP:482685,'DOUGLAS 1 SE WY US',200304,217,486
COOP:482685,'DOUGLAS 1 SE WY US',200305,220,552
COOP:482685,'DOUGLAS 1 SE WY US',200306,381,616
COOP:482685,'DOUGLAS 1 SE WY US',200307,10,744
COOP:482685,'DOUGLAS 1 SE WY US',200308,173,724
COOP:482685,'DOUGLAS 1 SE WY US',200309,199,556
COOP:482685,'DOUGLAS 1 SE WY US',200310,65,493
COOP:482685,'DOUGLAS 1 SE WY US',200311,58,302
COOP:482685,'DOUGLAS 1 SE WY US',200312,45,297
COOP:482685,'DOUGLAS 1 SE WY US',200401,9,283
COOP:482685,'DOUGLAS 1 SE WY US',200402,128,289
COOP:482685,'DOUGLAS 1 SE WY US',200403,40,394
COOP:482685,'DOUGLAS 1 SE WY US',200404,80,453
COOP:482685,'DOUGLAS 1 SE WY US',200405,62,542
COOP:482685,'DOUGLAS 1 SE WY US',200406,199,603
COOP:482685,'DOUGLAS 1 SE WY US',200407,195,682
COOP:482685,'DOUGLAS 1 SE WY US',200408,55,649
COOP:482685,'DOUGLAS 1 SE WY US',200409,200,586
COOP:482685,'DOUGLAS 1 SE WY US',200410,117,465
COOP:482685,'DOUGLAS 1 SE WY US',200411,77,328
COOP:482685,'DOUGLAS 1 SE WY US',200412,22,282
COOP:482685,'DOUGLAS 1 SE WY US',200501,50,270
COOP:482685,'DOUGLAS 1 SE WY US',200502,29,317
COOP:482685,'DOUGLAS 1 SE WY US',200503,73,369
COOP:482685,'DOUGLAS 1 SE WY US',200504,181,447
COOP:482685,'DOUGLAS 1 SE WY US',200505,285,511
COOP:482685,'DOUGLAS 1 SE WY US',200506,117,639
COOP:482685,'DOUGLAS 1 SE WY US',200507,120,728
COOP:482685,'DOUGLAS 1 SE WY US',200508,114,678
COOP:482685,'DOUGLAS 1 SE WY US',200509,85,603
COOP:482685,'DOUGLAS 1 SE WY US',200510,142,474
COOP:482685,'DOUGLAS 1 SE WY US',200511,89,383
COOP:482685,'DOUGLAS 1 SE WY US',200512,23,237
COOP:482685,'DOUGLAS 1 SE WY US',200601,95,322
COOP:482685,'DOUGLAS 1 SE WY US',200602,119,230
COOP:482685,'DOUGLAS 1 SE WY US',200603,70,350
COOP:482685,'DOUGLAS 1 SE WY US',200604,119,479
COOP:482685,'DOUGLAS 1 SE WY US',200605,148,553
COOP:482685,'DOUGLAS 1 SE WY US',200606,24,690
COOP:482685,'DOUGLAS 1 SE WY US',200607,189,751
COOP:482685,'DOUGLAS 1 SE WY US',200608,209,697
COOP:482685,'DOUGLAS 1 SE WY US',200609,136,548
COOP:482685,'DOUGLAS 1 SE WY US',200610,47,443
COOP:482685,'DOUGLAS 1 SE WY US',200611,7,359
COOP:482685,'DOUGLAS 1 SE WY US',200612,93,273
COOP:482685,'DOUGLAS 1 SE WY US',200701,54,176
COOP:482685,'DOUGLAS 1 SE WY US',200702,22,270
COOP:482685,'DOUGLAS 1 SE WY US',200703,234,410
COOP:482685,'DOUGLAS 1 SE WY US',200704,128,428
COOP:482685,'DOUGLAS 1 SE WY US',200705,353,560
COOP:482685,'DOUGLAS 1 SE WY US',200706,61,654
COOP:482685,'DOUGLAS 1 SE WY US',200707,44,753
COOP:482685,'DOUGLAS 1 SE WY US',200708,137,712
COOP:482685,'DOUGLAS 1 SE WY US',200709,86,602
COOP:482685,'DOUGLAS 1 SE WY US',200710,152,471
COOP:482685,'DOUGLAS 1 SE WY US',200711,10,361
COOP:482685,'DOUGLAS 1 SE WY US',200712,79,206
COOP:482685,'DOUGLAS 1 SE WY US',200801,41,227
COOP:482685,'DOUGLAS 1 SE WY US',200802,34,269
COOP:482685,'DOUGLAS 1 SE WY US',200803,106,348
COOP:482685,'DOUGLAS 1 SE WY US',200804,65,408
COOP:482685,'DOUGLAS 1 SE WY US',200805,551,509
COOP:482685,'DOUGLAS 1 SE WY US',200806,101,616
COOP:482685,'DOUGLAS 1 SE WY US',200807,48,720
COOP:482685,'DOUGLAS 1 SE WY US',200808,50,691
COOP:482685,'DOUGLAS 1 SE WY US',200809,142,558
COOP:482685,'DOUGLAS 1 SE WY US',200810,99,445
COOP:482685,'DOUGLAS 1 SE WY US',200811,57,393
COOP:482685,'DOUGLAS 1 SE WY US',200812,45,207
COOP:482685,'DOUGLAS 1 SE WY US',200901,60,263
COOP:482685,'DOUGLAS 1 SE WY US',200902,58,312
COOP:482685,'DOUGLAS 1 SE WY US',200903,148,342
COOP:482685,'DOUGLAS 1 SE WY US',200904,304,415
COOP:482685,'DOUGLAS 1 SE WY US',200905,49,541
COOP:482685,'DOUGLAS 1 SE WY US',200906,269,617
COOP:482685,'DOUGLAS 1 SE WY US',200911,3,387
COOP:482685,'DOUGLAS 1 SE WY US',200912,68,161
COOP:482685,'DOUGLAS 1 SE WY US',201001,14,229
COOP:482685,'DOUGLAS 1 SE WY US',201002,58,226
COOP:482685,'DOUGLAS 1 SE WY US',201003,82,383
COOP:482685,'DOUGLAS 1 SE WY US',201004,107,450
COOP:482685,'DOUGLAS 1 SE WY US',201005,354,494
COOP:482685,'DOUGLAS 1 SE WY US',201006,391,634
COOP:482685,'DOUGLAS 1 SE WY US',201007,142,698
COOP:482685,'DOUGLAS 1 SE WY US',201008,29,707
COOP:482685,'DOUGLAS 1 SE WY US',201009,13,600
COOP:482685,'DOUGLAS 1 SE WY US',201010,172,501
COOP:482685,'DOUGLAS 1 SE WY US',201011,70,330
COOP:482685,'DOUGLAS 1 SE WY US',201012,88,271
COOP:482685,'DOUGLAS 1 SE WY US',201101,55,245
COOP:482685,'DOUGLAS 1 SE WY US',201102,57,201
COOP:482685,'DOUGLAS 1 SE WY US',201103,36,376
COOP:482685,'DOUGLAS 1 SE WY US',201104,162,425
COOP:482685,'DOUGLAS 1 SE WY US',201105,468,477
COOP:482685,'DOUGLAS 1 SE WY US',201106,155,628
COOP:482685,'DOUGLAS 1 SE WY US',201107,81,742
COOP:482685,'DOUGLAS 1 SE WY US',201108,145,723
COOP:482685,'DOUGLAS 1 SE WY US',201109,14,594
COOP:482685,'DOUGLAS 1 SE WY US',201110,166,480
COOP:482685,'DOUGLAS 1 SE WY US',201111,74,338
COOP:482685,'DOUGLAS 1 SE WY US',201112,23,222
COOP:482685,'DOUGLAS 1 SE WY US',201201,17,293
COOP:482685,'DOUGLAS 1 SE WY US',201202,37,259
COOP:482685,'DOUGLAS 1 SE WY US',201203,1,449
COOP:482685,'DOUGLAS 1 SE WY US',201204,59,498
COOP:482685,'DOUGLAS 1 SE WY US',201205,1,550
COOP:482685,'DOUGLAS 1 SE WY US',201206,38,699
COOP:482685,'DOUGLAS 1 SE WY US',201207,46,755
COOP:482685,'DOUGLAS 1 SE WY US',201208,27,709
COOP:482685,'DOUGLAS 1 SE WY US',201209,47,611
COOP:482685,'DOUGLAS 1 SE WY US',201210,111,438
COOP:482685,'DOUGLAS 1 SE WY US',201211,31,393
COOP:482685,'DOUGLAS 1 SE WY US',201212,22,275
COOP:482685,'DOUGLAS 1 SE WY US',201301,6,252
COOP:482685,'DOUGLAS 1 SE WY US',201302,48,257
COOP:482685,'DOUGLAS 1 SE WY US',201303,62,349
COOP:482685,'DOUGLAS 1 SE WY US',201304,202,378
COOP:482685,'DOUGLAS 1 SE WY US',201305,200,547
COOP:482685,'DOUGLAS 1 SE WY US',201306,122,655
COOP:482685,'DOUGLAS 1 SE WY US',201307,62,722
COOP:482685,'DOUGLAS 1 SE WY US',201308,91,715
COOP:482685,'DOUGLAS 1 SE WY US',201309,139,621
COOP:482685,'DOUGLAS 1 SE WY US',201310,204,423
COOP:482685,'DOUGLAS 1 SE WY US',201311,18,341
COOP:482685,'DOUGLAS 1 SE WY US',201312,81,199
COOP:482685,'DOUGLAS 1 SE WY US',201403,71,357
COOP:482685,'DOUGLAS 1 SE WY US',201404,126,434
COOP:482685,'DOUGLAS 1 SE WY US',201405,188,531
COOP:482685,'DOUGLAS 1 SE WY US',201406,112,614
COOP:482685,'DOUGLAS 1 SE WY US',201407,210,702
COOP:489805,'WRIGHT 12 W WY US',200001,82,255
COOP:489805,'WRIGHT 12 W WY US',200002,46,313
COOP:489805,'WRIGHT 12 W WY US',200003,89,370
COOP:489805,'WRIGHT 12 W WY US',200004,173,425
COOP:489805,'WRIGHT 12 W WY US',200005,224,528
COOP:489805,'WRIGHT 12 W WY US',200006,113,602
COOP:489805,'WRIGHT 12 W WY US',200007,80,725
COOP:489805,'WRIGHT 12 W WY US',200008,69,723
COOP:489805,'WRIGHT 12 W WY US',200009,152,578
COOP:489805,'WRIGHT 12 W WY US',200010,29,461
COOP:489805,'WRIGHT 12 W WY US',200011,81,211
COOP:489805,'WRIGHT 12 W WY US',200012,37,179
COOP:489805,'WRIGHT 12 W WY US',200101,27,251
COOP:489805,'WRIGHT 12 W WY US',200102,100,178
COOP:489805,'WRIGHT 12 W WY US',200103,51,333
COOP:489805,'WRIGHT 12 W WY US',200104,179,435
COOP:489805,'WRIGHT 12 W WY US',200105,43,538
COOP:489805,'WRIGHT 12 W WY US',200106,245,628
COOP:489805,'WRIGHT 12 W WY US',200107,223,725
COOP:489805,'WRIGHT 12 W WY US',200108,78,723
COOP:489805,'WRIGHT 12 W WY US',200109,97,614
COOP:489805,'WRIGHT 12 W WY US',200110,108,458
COOP:489805,'WRIGHT 12 W WY US',200111,59,381
COOP:489805,'WRIGHT 12 W WY US',200112,34,235
COOP:489805,'WRIGHT 12 W WY US',200201,24,223
COOP:489805,'WRIGHT 12 W WY US',200202,41,277
COOP:489805,'WRIGHT 12 W WY US',200203,91,224
COOP:489805,'WRIGHT 12 W WY US',200204,116,408
COOP:489805,'WRIGHT 12 W WY US',200205,220,483
COOP:489805,'WRIGHT 12 W WY US',200206,27,645
COOP:489805,'WRIGHT 12 W WY US',200207,70,739
COOP:489805,'WRIGHT 12 W WY US',200208,226,659
COOP:489805,'WRIGHT 12 W WY US',200209,101,584
COOP:489805,'WRIGHT 12 W WY US',200210,79,380
COOP:489805,'WRIGHT 12 W WY US',200211,43,330
COOP:489805,'WRIGHT 12 W WY US',200212,3,287
COOP:489805,'WRIGHT 12 W WY US',200301,34,291
COOP:489805,'WRIGHT 12 W WY US',200302,65,218
COOP:489805,'WRIGHT 12 W WY US',200303,158,320
COOP:489805,'WRIGHT 12 W WY US',200304,169,470
COOP:489805,'WRIGHT 12 W WY US',200305,151,512
COOP:489805,'WRIGHT 12 W WY US',200306,273,583
COOP:489805,'WRIGHT 12 W WY US',200307,63,734
COOP:489805,'WRIGHT 12 W WY US',200308,32,734
COOP:489805,'WRIGHT 12 W WY US',200309,102,557
COOP:489805,'WRIGHT 12 W WY US',200310,60,495
COOP:489805,'WRIGHT 12 W WY US',200311,43,244
COOP:489805,'WRIGHT 12 W WY US',200312,54,268
COOP:489805,'WRIGHT 12 W WY US',200401,11,239
COOP:489805,'WRIGHT 12 W WY US',200402,71,273
COOP:489805,'WRIGHT 12 W WY US',200403,32,381
COOP:489805,'WRIGHT 12 W WY US',200404,66,451
COOP:489805,'WRIGHT 12 W WY US',200405,134,527
COOP:489805,'WRIGHT 12 W WY US',200406,44,587
COOP:489805,'WRIGHT 12 W WY US',200407,295,682
COOP:489805,'WRIGHT 12 W WY US',200408,31,647
COOP:489805,'WRIGHT 12 W WY US',200409,56,589
COOP:489805,'WRIGHT 12 W WY US',200410,207,453
COOP:489805,'WRIGHT 12 W WY US',200411,45,347
COOP:489805,'WRIGHT 12 W WY US',200412,13,280
COOP:489805,'WRIGHT 12 W WY US',200502,16,307
COOP:489805,'WRIGHT 12 W WY US',200503,64,351
COOP:489805,'WRIGHT 12 W WY US',200504,228,427
COOP:489805,'WRIGHT 12 W WY US',200505,393,488
COOP:489805,'WRIGHT 12 W WY US',200506,89,620
COOP:489805,'WRIGHT 12 W WY US',200507,39,719
COOP:489805,'WRIGHT 12 W WY US',200508,107,666
COOP:489805,'WRIGHT 12 W WY US',200509,78,599
COOP:489805,'WRIGHT 12 W WY US',200510,154,473
COOP:489805,'WRIGHT 12 W WY US',200511,46,362
COOP:489805,'WRIGHT 12 W WY US',200512,33,217
COOP:489805,'WRIGHT 12 W WY US',200601,24,320
COOP:489805,'WRIGHT 12 W WY US',200602,40,232
COOP:489805,'WRIGHT 12 W WY US',200603,77,326
COOP:489805,'WRIGHT 12 W WY US',200604,132,460
COOP:489805,'WRIGHT 12 W WY US',200605,205,536
COOP:489805,'WRIGHT 12 W WY US',200607,145,746
COOP:489805,'WRIGHT 12 W WY US',200608,83,693
COOP:489805,'WRIGHT 12 W WY US',200609,136,544
COOP:489805,'WRIGHT 12 W WY US',200610,48,432
COOP:489805,'WRIGHT 12 W WY US',200611,43,340
COOP:489805,'WRIGHT 12 W WY US',200612,26,275
COOP:489805,'WRIGHT 12 W WY US',200701,26,192
COOP:489805,'WRIGHT 12 W WY US',200702,34,240
COOP:489805,'WRIGHT 12 W WY US',200703,316,404
COOP:489805,'WRIGHT 12 W WY US',200704,85,410
COOP:489805,'WRIGHT 12 W WY US',200705,310,549
COOP:489805,'WRIGHT 12 W WY US',200706,263,620
COOP:489805,'WRIGHT 12 W WY US',200707,144,735
COOP:489805,'WRIGHT 12 W WY US',200708,94,705
COOP:489805,'WRIGHT 12 W WY US',200709,37,591
COOP:489805,'WRIGHT 12 W WY US',200710,186,466
COOP:489805,'WRIGHT 12 W WY US',200711,6,349
COOP:489805,'WRIGHT 12 W WY US',200712,79,195
COOP:489805,'WRIGHT 12 W WY US',200801,63,193
COOP:489805,'WRIGHT 12 W WY US',200802,52,245
COOP:489805,'WRIGHT 12 W WY US',200803,102,318
COOP:489805,'WRIGHT 12 W WY US',200804,94,390
COOP:489805,'WRIGHT 12 W WY US',200805,602,484
COOP:489805,'WRIGHT 12 W WY US',200806,115,588
COOP:489805,'WRIGHT 12 W WY US',200807,48,703
COOP:489805,'WRIGHT 12 W WY US',200808,41,680
COOP:489805,'WRIGHT 12 W WY US',200809,125,552
COOP:489805,'WRIGHT 12 W WY US',200810,184,435
COOP:489805,'WRIGHT 12 W WY US',200811,58,375
COOP:489805,'WRIGHT 12 W WY US',200812,54,170
COOP:489805,'WRIGHT 12 W WY US',200901,67,233
COOP:489805,'WRIGHT 12 W WY US',200902,22,290
COOP:489805,'WRIGHT 12 W WY US',200903,112,309
COOP:489805,'WRIGHT 12 W WY US',200904,168,386
COOP:489805,'WRIGHT 12 W WY US',200905,102,518
COOP:489805,'WRIGHT 12 W WY US',200906,179,575
COOP:489805,'WRIGHT 12 W WY US',200907,241,669
COOP:489805,'WRIGHT 12 W WY US',200908,183,647
COOP:489805,'WRIGHT 12 W WY US',200909,40,603
COOP:489805,'WRIGHT 12 W WY US',200910,140,349
COOP:489805,'WRIGHT 12 W WY US',200911,9,386
COOP:489805,'WRIGHT 12 W WY US',200912,37,146
COOP:489805,'WRIGHT 12 W WY US',201001,6,256
COOP:489805,'WRIGHT 12 W WY US',201002,26,237
COOP:489805,'WRIGHT 12 W WY US',201003,55,378
COOP:489805,'WRIGHT 12 W WY US',201004,265,415
COOP:489805,'WRIGHT 12 W WY US',201005,415,459
COOP:489805,'WRIGHT 12 W WY US',201006,215,594
COOP:489805,'WRIGHT 12 W WY US',201007,115,674
COOP:489805,'WRIGHT 12 W WY US',201008,29,700
COOP:489805,'WRIGHT 12 W WY US',201009,50,579
COOP:489805,'WRIGHT 12 W WY US',201010,49,497
COOP:489805,'WRIGHT 12 W WY US',201011,76,298
COOP:489805,'WRIGHT 12 W WY US',201012,66,241
COOP:489805,'WRIGHT 12 W WY US',201101,73,209
COOP:489805,'WRIGHT 12 W WY US',201102,40,174
COOP:489805,'WRIGHT 12 W WY US',201103,118,343
COOP:489805,'WRIGHT 12 W WY US',201104,235,399
COOP:489805,'WRIGHT 12 W WY US',201105,721,452
COOP:489805,'WRIGHT 12 W WY US',201106,248,596
COOP:489805,'WRIGHT 12 W WY US',201107,70,716
COOP:489805,'WRIGHT 12 W WY US',201108,66,709
COOP:489805,'WRIGHT 12 W WY US',201109,56,589
COOP:489805,'WRIGHT 12 W WY US',201110,133,475
COOP:489805,'WRIGHT 12 W WY US',201111,113,310
COOP:489805,'WRIGHT 12 W WY US',201112,48,238
COOP:489805,'WRIGHT 12 W WY US',201201,48,253
COOP:489805,'WRIGHT 12 W WY US',201202,84,241
COOP:489805,'WRIGHT 12 W WY US',201203,18,431
COOP:489805,'WRIGHT 12 W WY US',201204,148,473
COOP:489805,'WRIGHT 12 W WY US',201205,188,524
COOP:489805,'WRIGHT 12 W WY US',201206,56,670
COOP:489805,'WRIGHT 12 W WY US',201207,140,754
COOP:489805,'WRIGHT 12 W WY US',201208,27,698
COOP:489805,'WRIGHT 12 W WY US',201209,23,605
COOP:489805,'WRIGHT 12 W WY US',201210,76,427
COOP:489805,'WRIGHT 12 W WY US',201211,51,364
COOP:489805,'WRIGHT 12 W WY US',201212,12,248
COOP:489805,'WRIGHT 12 W WY US',201301,22,238
COOP:489805,'WRIGHT 12 W WY US',201302,31,258
COOP:489805,'WRIGHT 12 W WY US',201303,20,326
COOP:489805,'WRIGHT 12 W WY US',201304,111,352
COOP:489805,'WRIGHT 12 W WY US',201305,322,534
COOP:489805,'WRIGHT 12 W WY US',201306,155,621
COOP:489805,'WRIGHT 12 W WY US',201307,109,708
COOP:489805,'WRIGHT 12 W WY US',201308,85,709
COOP:489805,'WRIGHT 12 W WY US',201309,117,616
COOP:489805,'WRIGHT 12 W WY US',201310,282,404
COOP:489805,'WRIGHT 12 W WY US',201311,16,337
COOP:489805,'WRIGHT 12 W WY US',201312,30,187
COOP:489805,'WRIGHT 12 W WY US',201401,32,248
COOP:489805,'WRIGHT 12 W WY US',201402,36,172
COOP:489805,'WRIGHT 12 W WY US',201403,66,328
COOP:489805,'WRIGHT 12 W WY US',201404,114,414
COOP:489805,'WRIGHT 12 W WY US',201405,145,517
COOP:489805,'WRIGHT 12 W WY US',201406,353,587
COOP:489805,'WRIGHT 12 W WY US',201407,112,686
COOP:481175,'BUFFALO BILL DAM WY US',200911,0,381
COOP:481175,'BUFFALO BILL DAM WY US',201001,24,275
COOP:481175,'BUFFALO BILL DAM WY US',201002,49,251
COOP:481175,'BUFFALO BILL DAM WY US',201003,73,371
COOP:481175,'BUFFALO BILL DAM WY US',201004,69,407
COOP:481175,'BUFFALO BILL DAM WY US',201005,300,447
COOP:481175,'BUFFALO BILL DAM WY US',201006,159,575
COOP:481175,'BUFFALO BILL DAM WY US',201007,37,707
COOP:481175,'BUFFALO BILL DAM WY US',201008,153,698
COOP:481175,'BUFFALO BILL DAM WY US',201009,19,603
COOP:481175,'BUFFALO BILL DAM WY US',201010,51,538
COOP:481175,'BUFFALO BILL DAM WY US',201011,95,305
COOP:481175,'BUFFALO BILL DAM WY US',201012,40,286
COOP:481175,'BUFFALO BILL DAM WY US',201107,24,734
COOP:481175,'BUFFALO BILL DAM WY US',201108,131,727
COOP:481175,'BUFFALO BILL DAM WY US',201110,27,493
COOP:481175,'BUFFALO BILL DAM WY US',201111,56,338
COOP:481175,'BUFFALO BILL DAM WY US',201201,20,309
COOP:481175,'BUFFALO BILL DAM WY US',201202,24,277
COOP:481175,'BUFFALO BILL DAM WY US',201203,43,446
COOP:481175,'BUFFALO BILL DAM WY US',201204,35,489
COOP:481175,'BUFFALO BILL DAM WY US',201205,0,542
COOP:481175,'BUFFALO BILL DAM WY US',201206,5,672
COOP:481175,'BUFFALO BILL DAM WY US',201207,19,769
COOP:481175,'BUFFALO BILL DAM WY US',201208,3,730
COOP:481175,'BUFFALO BILL DAM WY US',201209,12,640
COOP:481175,'BUFFALO BILL DAM WY US',201210,56,466
COOP:481175,'BUFFALO BILL DAM WY US',201211,1,413
COOP:481175,'BUFFALO BILL DAM WY US',201212,44,270
COOP:481175,'BUFFALO BILL DAM WY US',201301,48,299
COOP:481175,'BUFFALO BILL DAM WY US',201302,41,303
COOP:481175,'BUFFALO BILL DAM WY US',201303,23,375
COOP:481175,'BUFFALO BILL DAM WY US',201304,162,388
COOP:481175,'BUFFALO BILL DAM WY US',201305,384,550
COOP:481175,'BUFFALO BILL DAM WY US',201306,23,653
COOP:481175,'BUFFALO BILL DAM WY US',201307,33,739
COOP:481175,'BUFFALO BILL DAM WY US',201308,15,735
COOP:481175,'BUFFALO BILL DAM WY US',201309,323,623
COOP:481175,'BUFFALO BILL DAM WY US',201310,159,426
COOP:481175,'BUFFALO BILL DAM WY US',201311,15,374
COOP:481175,'BUFFALO BILL DAM WY US',201312,55,257
COOP:481175,'BUFFALO BILL DAM WY US',201401,75,299
COOP:481175,'BUFFALO BILL DAM WY US',201402,214,182
COOP:481175,'BUFFALO BILL DAM WY US',201403,98,361
COOP:481175,'BUFFALO BILL DAM WY US',201404,206,442
COOP:481175,'BUFFALO BILL DAM WY US',201405,243,543
COOP:481175,'BUFFALO BILL DAM WY US',201406,280,601
COOP:481175,'BUFFALO BILL DAM WY US',201407,34,735
COOP:485506,'LEITER 9 N WY US',200001,66,259
COOP:485506,'LEITER 9 N WY US',200002,35,310
COOP:485506,'LEITER 9 N WY US',200003,88,395
COOP:485506,'LEITER 9 N WY US',200004,162,475
COOP:485506,'LEITER 9 N WY US',200005,167,560
COOP:485506,'LEITER 9 N WY US',200006,185,639
COOP:485506,'LEITER 9 N WY US',200007,44,768
COOP:485506,'LEITER 9 N WY US',200008,16,750
COOP:485506,'LEITER 9 N WY US',200009,109,607
COOP:485506,'LEITER 9 N WY US',200010,102,484
COOP:485506,'LEITER 9 N WY US',200011,44,228
COOP:485506,'LEITER 9 N WY US',200012,52,177
COOP:485506,'LEITER 9 N WY US',200101,20,268
COOP:485506,'LEITER 9 N WY US',200102,43,189
COOP:485506,'LEITER 9 N WY US',200103,70,371
COOP:485506,'LEITER 9 N WY US',200104,98,466
COOP:485506,'LEITER 9 N WY US',200105,64,588
COOP:485506,'LEITER 9 N WY US',200106,281,654
COOP:485506,'LEITER 9 N WY US',200107,340,755
COOP:485506,'LEITER 9 N WY US',200108,0,773
COOP:485506,'LEITER 9 N WY US',200109,61,653
COOP:485506,'LEITER 9 N WY US',200110,123,480
COOP:485506,'LEITER 9 N WY US',200111,34,388
COOP:485506,'LEITER 9 N WY US',200112,4,263
COOP:485506,'LEITER 9 N WY US',200201,8,269
COOP:485506,'LEITER 9 N WY US',200202,20,300
COOP:485506,'LEITER 9 N WY US',200203,183,249
COOP:485506,'LEITER 9 N WY US',200204,75,430
COOP:485506,'LEITER 9 N WY US',200205,88,522
COOP:485506,'LEITER 9 N WY US',200206,64,684
COOP:485506,'LEITER 9 N WY US',200207,391,777
COOP:485506,'LEITER 9 N WY US',200208,184,694
COOP:485506,'LEITER 9 N WY US',200209,122,617
COOP:485506,'LEITER 9 N WY US',200210,112,400
COOP:485506,'LEITER 9 N WY US',200211,5,386
COOP:485506,'LEITER 9 N WY US',200212,18,297
COOP:485506,'LEITER 9 N WY US',200301,78,300
COOP:485506,'LEITER 9 N WY US',200302,47,245
COOP:485506,'LEITER 9 N WY US',200303,238,333
COOP:485506,'LEITER 9 N WY US',200304,252,495
COOP:485506,'LEITER 9 N WY US',200305,305,544
COOP:485506,'LEITER 9 N WY US',200306,281,625
COOP:485506,'LEITER 9 N WY US',200307,14,772
COOP:485506,'LEITER 9 N WY US',200308,19,778
COOP:485506,'LEITER 9 N WY US',200309,120,610
COOP:485506,'LEITER 9 N WY US',200310,54,534
COOP:485506,'LEITER 9 N WY US',200311,60,283
COOP:485506,'LEITER 9 N WY US',200312,37,282
COOP:485506,'LEITER 9 N WY US',200401,9,231
COOP:485506,'LEITER 9 N WY US',200402,74,303
COOP:485506,'LEITER 9 N WY US',200403,51,431
COOP:485506,'LEITER 9 N WY US',200404,61,497
COOP:485506,'LEITER 9 N WY US',200405,67,557
COOP:485506,'LEITER 9 N WY US',200406,68,634
COOP:485506,'LEITER 9 N WY US',200407,351,727
COOP:485506,'LEITER 9 N WY US',200408,88,683
COOP:485506,'LEITER 9 N WY US',200409,120,625
COOP:485506,'LEITER 9 N WY US',200410,187,494
COOP:485506,'LEITER 9 N WY US',200411,19,384
COOP:485506,'LEITER 9 N WY US',200412,18,317
COOP:485506,'LEITER 9 N WY US',200501,31,238
COOP:485506,'LEITER 9 N WY US',200502,47,328
COOP:485506,'LEITER 9 N WY US',200503,36,392
COOP:485506,'LEITER 9 N WY US',200504,316,461
COOP:485506,'LEITER 9 N WY US',200505,460,527
COOP:485506,'LEITER 9 N WY US',200506,209,641
COOP:485506,'LEITER 9 N WY US',200507,103,763
COOP:485506,'LEITER 9 N WY US',200508,92,701
COOP:485506,'LEITER 9 N WY US',200509,79,636
COOP:485506,'LEITER 9 N WY US',200510,421,494
COOP:485506,'LEITER 9 N WY US',200511,172,382
COOP:485506,'LEITER 9 N WY US',200512,112,239
COOP:485506,'LEITER 9 N WY US',200601,30,362
COOP:485506,'LEITER 9 N WY US',200602,52,289
COOP:485506,'LEITER 9 N WY US',200603,162,362
COOP:485506,'LEITER 9 N WY US',200604,282,495
COOP:485506,'LEITER 9 N WY US',200605,204,566
COOP:485506,'LEITER 9 N WY US',200606,51,699
COOP:485506,'LEITER 9 N WY US',200607,6,809
COOP:485506,'LEITER 9 N WY US',200608,26,735
COOP:485506,'LEITER 9 N WY US',200609,273,586
COOP:485506,'LEITER 9 N WY US',200610,163,450
COOP:485506,'LEITER 9 N WY US',200611,69,351
COOP:485506,'LEITER 9 N WY US',200612,21,279
COOP:485506,'LEITER 9 N WY US',200701,59,240
COOP:485506,'LEITER 9 N WY US',200702,121,248
COOP:485506,'LEITER 9 N WY US',200703,283,413
COOP:485506,'LEITER 9 N WY US',200704,110,431
COOP:485506,'LEITER 9 N WY US',200705,634,562
COOP:485506,'LEITER 9 N WY US',200706,349,654
COOP:485506,'LEITER 9 N WY US',200707,62,774
COOP:485506,'LEITER 9 N WY US',200708,67,729
COOP:485506,'LEITER 9 N WY US',200709,84,625
COOP:485506,'LEITER 9 N WY US',200710,182,499
COOP:485506,'LEITER 9 N WY US',200711,13,367
COOP:485506,'LEITER 9 N WY US',200712,40,223
COOP:485506,'LEITER 9 N WY US',200801,66,202
COOP:485506,'LEITER 9 N WY US',200802,30,267
COOP:485506,'LEITER 9 N WY US',200803,47,359
COOP:485506,'LEITER 9 N WY US',200804,96,421
COOP:485506,'LEITER 9 N WY US',200805,573,528
COOP:485506,'LEITER 9 N WY US',200806,372,614
COOP:485506,'LEITER 9 N WY US',200807,254,723
COOP:485506,'LEITER 9 N WY US',200808,12,732
COOP:485506,'LEITER 9 N WY US',200809,145,580
COOP:485506,'LEITER 9 N WY US',200810,186,472
COOP:485506,'LEITER 9 N WY US',200811,61,403
COOP:485506,'LEITER 9 N WY US',200812,59,179
COOP:485506,'LEITER 9 N WY US',200901,130,256
COOP:485506,'LEITER 9 N WY US',200902,11,310
COOP:485506,'LEITER 9 N WY US',200903,226,343
COOP:485506,'LEITER 9 N WY US',200904,103,435
COOP:485506,'LEITER 9 N WY US',200905,60,555
COOP:485506,'LEITER 9 N WY US',200906,296,607
COOP:485506,'LEITER 9 N WY US',200907,199,704
COOP:485506,'LEITER 9 N WY US',200908,196,694
COOP:485506,'LEITER 9 N WY US',200909,11,663
COOP:485506,'LEITER 9 N WY US',200910,210,370
COOP:485506,'LEITER 9 N WY US',200911,10,401
COOP:485506,'LEITER 9 N WY US',200912,59,128
COOP:485506,'LEITER 9 N WY US',201001,50,240
COOP:485506,'LEITER 9 N WY US',201002,38,254
COOP:485506,'LEITER 9 N WY US',201003,84,410
COOP:485506,'LEITER 9 N WY US',201004,191,450
COOP:485506,'LEITER 9 N WY US',201005,559,508
COOP:485506,'LEITER 9 N WY US',201006,249,624
COOP:485506,'LEITER 9 N WY US',201007,140,716
COOP:485506,'LEITER 9 N WY US',201008,109,718
COOP:485506,'LEITER 9 N WY US',201009,54,616
COOP:485506,'LEITER 9 N WY US',201010,51,535
COOP:485506,'LEITER 9 N WY US',201011,54,313
COOP:485506,'LEITER 9 N WY US',201012,70,240
COOP:485506,'LEITER 9 N WY US',201101,118,219
COOP:485506,'LEITER 9 N WY US',201102,62,211
COOP:485506,'LEITER 9 N WY US',201204,117,501
COOP:485506,'LEITER 9 N WY US',201205,52,544
COOP:485506,'LEITER 9 N WY US',201206,6,696
COOP:485506,'LEITER 9 N WY US',201207,160,785
COOP:485506,'LEITER 9 N WY US',201208,22,735
COOP:485506,'LEITER 9 N WY US',201209,0,639
COOP:485506,'LEITER 9 N WY US',201210,83,453
COOP:485506,'LEITER 9 N WY US',201211,69,375
COOP:485506,'LEITER 9 N WY US',201212,34,238
COOP:485506,'LEITER 9 N WY US',201301,45,249
COOP:485506,'LEITER 9 N WY US',201302,32,289
COOP:485506,'LEITER 9 N WY US',201303,22,354
COOP:485506,'LEITER 9 N WY US',201304,215,392
COOP:485506,'LEITER 9 N WY US',201305,328,552
COOP:485506,'LEITER 9 N WY US',201306,227,636
COOP:485506,'LEITER 9 N WY US',201307,110,749
COOP:485506,'LEITER 9 N WY US',201308,26,742
COOP:485506,'LEITER 9 N WY US',201309,341,648
COOP:485506,'LEITER 9 N WY US',201310,444,445
COOP:485506,'LEITER 9 N WY US',201311,14,354
COOP:485506,'LEITER 9 N WY US',201312,159,190
COOP:485506,'LEITER 9 N WY US',201401,59,278
COOP:485506,'LEITER 9 N WY US',201403,151,347
COOP:485506,'LEITER 9 N WY US',201404,125,452
COOP:485506,'LEITER 9 N WY US',201405,208,532
COOP:485506,'LEITER 9 N WY US',201406,269,609
COOP:485506,'LEITER 9 N WY US',201407,166,713
COOP:481165,'BUFFALO WY US',200002,31,322
COOP:481165,'BUFFALO WY US',200003,31,374
COOP:481165,'BUFFALO WY US',200004,181,432
COOP:481165,'BUFFALO WY US',200005,314,527
COOP:481165,'BUFFALO WY US',200006,107,601
COOP:481165,'BUFFALO WY US',200007,76,723
COOP:481165,'BUFFALO WY US',200008,29,715
COOP:481165,'BUFFALO WY US',200009,118,575
COOP:481165,'BUFFALO WY US',200010,52,456
COOP:481165,'BUFFALO WY US',200011,62,237
COOP:481165,'BUFFALO WY US',200012,125,218
COOP:481165,'BUFFALO WY US',200101,49,285
COOP:481165,'BUFFALO WY US',200102,71,192
COOP:481165,'BUFFALO WY US',200103,11,337
COOP:481165,'BUFFALO WY US',200104,113,438
COOP:481165,'BUFFALO WY US',200105,20,548
COOP:481165,'BUFFALO WY US',200107,179,729
COOP:481165,'BUFFALO WY US',200108,9,724
COOP:481165,'BUFFALO WY US',200109,69,615
COOP:481165,'BUFFALO WY US',200110,110,459
COOP:481165,'BUFFALO WY US',200111,89,397
COOP:481165,'BUFFALO WY US',200112,3,277
COOP:481165,'BUFFALO WY US',200201,72,252
COOP:481165,'BUFFALO WY US',200202,26,286
COOP:481165,'BUFFALO WY US',200203,94,220
COOP:481165,'BUFFALO WY US',200204,90,398
COOP:481165,'BUFFALO WY US',200205,149,486
COOP:481165,'BUFFALO WY US',200206,67,642
COOP:481165,'BUFFALO WY US',200207,221,736
COOP:481165,'BUFFALO WY US',200208,212,655
COOP:481165,'BUFFALO WY US',200209,127,589
COOP:481165,'BUFFALO WY US',200210,137,387
COOP:481165,'BUFFALO WY US',200211,90,344
COOP:481165,'BUFFALO WY US',200212,20,314
COOP:481165,'BUFFALO WY US',200301,63,305
COOP:481165,'BUFFALO WY US',200302,75,238
COOP:481165,'BUFFALO WY US',200303,159,318
COOP:481165,'BUFFALO WY US',200304,82,473
COOP:481165,'BUFFALO WY US',200305,245,504
COOP:481165,'BUFFALO WY US',200306,314,581
COOP:481165,'BUFFALO WY US',200307,28,741
COOP:481165,'BUFFALO WY US',200308,52,741
COOP:481165,'BUFFALO WY US',200309,117,564
COOP:481165,'BUFFALO WY US',200310,61,520
COOP:481165,'BUFFALO WY US',200311,50,276
COOP:481165,'BUFFALO WY US',200312,50,297
COOP:481165,'BUFFALO WY US',200401,19,255
COOP:481165,'BUFFALO WY US',200402,124,297
COOP:481165,'BUFFALO WY US',200403,8,382
COOP:481165,'BUFFALO WY US',200404,76,443
COOP:481165,'BUFFALO WY US',200405,117,516
COOP:481165,'BUFFALO WY US',200406,96,583
COOP:481165,'BUFFALO WY US',200407,352,679
COOP:481165,'BUFFALO WY US',200408,36,647
COOP:481165,'BUFFALO WY US',200409,112,584
COOP:481165,'BUFFALO WY US',200410,121,465
COOP:481165,'BUFFALO WY US',200411,15,370
COOP:481165,'BUFFALO WY US',200412,9,311
COOP:481165,'BUFFALO WY US',200501,41,254
COOP:481165,'BUFFALO WY US',200502,32,304
COOP:481165,'BUFFALO WY US',200503,82,372
COOP:481165,'BUFFALO WY US',200504,215,430
COOP:481165,'BUFFALO WY US',200505,631,485
COOP:481165,'BUFFALO WY US',200506,299,610
COOP:481165,'BUFFALO WY US',200507,117,716
COOP:481165,'BUFFALO WY US',200508,201,655
COOP:481165,'BUFFALO WY US',200509,82,597
COOP:481165,'BUFFALO WY US',200510,265,481
COOP:481165,'BUFFALO WY US',200511,39,379
COOP:481165,'BUFFALO WY US',200512,15,235
COOP:481165,'BUFFALO WY US',200601,4,346
COOP:481165,'BUFFALO WY US',200602,36,251
COOP:481165,'BUFFALO WY US',200603,69,337
COOP:481165,'BUFFALO WY US',200604,47,462
COOP:481165,'BUFFALO WY US',200605,133,540
COOP:481165,'BUFFALO WY US',200606,101,661
COOP:481165,'BUFFALO WY US',200607,42,759
COOP:481165,'BUFFALO WY US',200608,42,693
COOP:481165,'BUFFALO WY US',200609,203,553
COOP:481165,'BUFFALO WY US',200610,51,438
COOP:481165,'BUFFALO WY US',200611,29,368
COOP:481165,'BUFFALO WY US',200612,16,295
COOP:481165,'BUFFALO WY US',200701,30,225
COOP:481165,'BUFFALO WY US',200702,63,247
COOP:481165,'BUFFALO WY US',200703,144,401
COOP:481165,'BUFFALO WY US',200704,133,412
COOP:481165,'BUFFALO WY US',200705,235,546
COOP:481165,'BUFFALO WY US',200706,212,619
COOP:481165,'BUFFALO WY US',200708,39,699
COOP:481165,'BUFFALO WY US',200709,65,598
COOP:481165,'BUFFALO WY US',200710,278,460
COOP:481165,'BUFFALO WY US',200711,16,357
COOP:481165,'BUFFALO WY US',200712,46,230
COOP:481165,'BUFFALO WY US',200801,66,238
COOP:481165,'BUFFALO WY US',200802,48,263
COOP:481165,'BUFFALO WY US',200803,80,314
COOP:481165,'BUFFALO WY US',200804,49,378
COOP:481165,'BUFFALO WY US',200805,621,479
COOP:481165,'BUFFALO WY US',200806,114,585
COOP:481165,'BUFFALO WY US',200807,49,706
COOP:481165,'BUFFALO WY US',200808,9,697
COOP:481165,'BUFFALO WY US',200809,148,554
COOP:481165,'BUFFALO WY US',200810,132,459
COOP:481165,'BUFFALO WY US',200811,47,406
COOP:481165,'BUFFALO WY US',200812,16,183
COOP:481165,'BUFFALO WY US',200901,84,269
COOP:481165,'BUFFALO WY US',200902,3,303
COOP:481165,'BUFFALO WY US',200903,114,313
COOP:481165,'BUFFALO WY US',200904,85,408
COOP:481165,'BUFFALO WY US',200905,38,528
COOP:481165,'BUFFALO WY US',200906,362,578
COOP:481165,'BUFFALO WY US',200907,218,665
COOP:481165,'BUFFALO WY US',200908,143,649
COOP:481165,'BUFFALO WY US',200909,17,619
COOP:481165,'BUFFALO WY US',200910,134,350
COOP:481165,'BUFFALO WY US',200911,9,402
COOP:481165,'BUFFALO WY US',200912,11,171
COOP:481165,'BUFFALO WY US',201001,32,277
COOP:481165,'BUFFALO WY US',201002,16,253
COOP:481165,'BUFFALO WY US',201003,28,390
COOP:481165,'BUFFALO WY US',201004,114,420
COOP:481165,'BUFFALO WY US',201005,569,482
COOP:481165,'BUFFALO WY US',201006,165,600
COOP:481165,'BUFFALO WY US',201007,87,685
COOP:481165,'BUFFALO WY US',201008,61,694
COOP:481165,'BUFFALO WY US',201010,16,544
COOP:481165,'BUFFALO WY US',201103,103,347
COOP:481165,'BUFFALO WY US',201104,94,409
COOP:481165,'BUFFALO WY US',201105,768,466
COOP:481165,'BUFFALO WY US',201106,154,587
COOP:481165,'BUFFALO WY US',201107,85,710
COOP:481165,'BUFFALO WY US',201108,50,684
COOP:481165,'BUFFALO WY US',201110,174,492
COOP:481165,'BUFFALO WY US',201111,109,308
COOP:481165,'BUFFALO WY US',201112,41,244
COOP:481165,'BUFFALO WY US',201201,28,262
COOP:481165,'BUFFALO WY US',201202,65,247
COOP:481165,'BUFFALO WY US',201203,11,434
COOP:481165,'BUFFALO WY US',201204,161,461
COOP:481165,'BUFFALO WY US',201205,249,500
COOP:481165,'BUFFALO WY US',201206,86,648
COOP:481165,'BUFFALO WY US',201207,159,720
COOP:481165,'BUFFALO WY US',201208,18,669
COOP:481165,'BUFFALO WY US',201209,19,598
COOP:481165,'BUFFALO WY US',201210,37,424
COOP:481165,'BUFFALO WY US',201211,110,354
COOP:481165,'BUFFALO WY US',201212,16,255
COOP:481165,'BUFFALO WY US',201301,50,235
COOP:481165,'BUFFALO WY US',201302,36,245
COOP:481165,'BUFFALO WY US',201303,30,322
COOP:481165,'BUFFALO WY US',201304,119,360
COOP:481165,'BUFFALO WY US',201305,114,523
COOP:481165,'BUFFALO WY US',201306,101,609
COOP:481165,'BUFFALO WY US',201307,99,696
COOP:481165,'BUFFALO WY US',201308,37,694
COOP:481165,'BUFFALO WY US',201309,366,595
COOP:481165,'BUFFALO WY US',201310,292,410
COOP:481165,'BUFFALO WY US',201311,11,325
COOP:481165,'BUFFALO WY US',201312,48,186
COOP:481165,'BUFFALO WY US',201401,45,260
COOP:481165,'BUFFALO WY US',201402,55,176
COOP:481165,'BUFFALO WY US',201403,110,311
COOP:481165,'BUFFALO WY US',201404,108,405
COOP:481165,'BUFFALO WY US',201405,189,508
COOP:481165,'BUFFALO WY US',201406,356,567
COOP:481165,'BUFFALO WY US',201407,59,675
COOP:481000,'BOYSEN DAM WY US',200001,30,258
COOP:481000,'BOYSEN DAM WY US',200002,31,311
COOP:481000,'BOYSEN DAM WY US',200003,50,405
COOP:481000,'BOYSEN DAM WY US',200004,144,486
COOP:481000,'BOYSEN DAM WY US',200005,175,585
COOP:481000,'BOYSEN DAM WY US',200006,47,655
COOP:481000,'BOYSEN DAM WY US',200007,18,760
COOP:481000,'BOYSEN DAM WY US',200008,6,756
COOP:481000,'BOYSEN DAM WY US',200009,52,590
COOP:481000,'BOYSEN DAM WY US',200010,18,477
COOP:481000,'BOYSEN DAM WY US',200011,59,185
COOP:481000,'BOYSEN DAM WY US',200012,24,142
COOP:481000,'BOYSEN DAM WY US',200101,19,122
COOP:481000,'BOYSEN DAM WY US',200102,15,143
COOP:481000,'BOYSEN DAM WY US',200103,21,364
COOP:481000,'BOYSEN DAM WY US',200104,91,470
COOP:481000,'BOYSEN DAM WY US',200105,64,589
COOP:481000,'BOYSEN DAM WY US',200106,129,676
COOP:481000,'BOYSEN DAM WY US',200107,101,768
COOP:481000,'BOYSEN DAM WY US',200108,62,753
COOP:481000,'BOYSEN DAM WY US',200109,141,644
COOP:481000,'BOYSEN DAM WY US',200110,27,488
COOP:481000,'BOYSEN DAM WY US',200111,52,370
COOP:481000,'BOYSEN DAM WY US',200112,8,220
COOP:481000,'BOYSEN DAM WY US',200201,26,218
COOP:481000,'BOYSEN DAM WY US',200202,9,254
COOP:481000,'BOYSEN DAM WY US',200203,145,281
COOP:481000,'BOYSEN DAM WY US',200204,38,456
COOP:481000,'BOYSEN DAM WY US',200205,50,546
COOP:481000,'BOYSEN DAM WY US',200206,40,687
COOP:481000,'BOYSEN DAM WY US',200207,138,784
COOP:481000,'BOYSEN DAM WY US',200208,53,692
COOP:481000,'BOYSEN DAM WY US',200209,67,617
COOP:481000,'BOYSEN DAM WY US',200210,38,420
COOP:481000,'BOYSEN DAM WY US',200211,11,307
COOP:481000,'BOYSEN DAM WY US',200212,3,200
COOP:481000,'BOYSEN DAM WY US',200301,25,274
COOP:481000,'BOYSEN DAM WY US',200302,81,194
COOP:481000,'BOYSEN DAM WY US',200303,208,362
COOP:481000,'BOYSEN DAM WY US',200304,66,507
COOP:481000,'BOYSEN DAM WY US',200305,253,557
COOP:481000,'BOYSEN DAM WY US',200307,86,787
COOP:481000,'BOYSEN DAM WY US',200308,74,762
COOP:481000,'BOYSEN DAM WY US',200309,101,590
COOP:481000,'BOYSEN DAM WY US',200310,19,520
COOP:481000,'BOYSEN DAM WY US',200311,4,269
COOP:481000,'BOYSEN DAM WY US',200312,71,238
COOP:481000,'BOYSEN DAM WY US',200401,0,121
COOP:481000,'BOYSEN DAM WY US',200402,82,232
COOP:481000,'BOYSEN DAM WY US',200403,3,389
COOP:481000,'BOYSEN DAM WY US',200404,158,473
COOP:481000,'BOYSEN DAM WY US',200405,46,562
COOP:481000,'BOYSEN DAM WY US',200406,54,640
COOP:481000,'BOYSEN DAM WY US',200407,77,713
COOP:481000,'BOYSEN DAM WY US',200408,23,686
COOP:481000,'BOYSEN DAM WY US',200409,88,605
COOP:481000,'BOYSEN DAM WY US',200410,60,491
COOP:481000,'BOYSEN DAM WY US',200412,5,268
COOP:481000,'BOYSEN DAM WY US',200502,0,296
COOP:481000,'BOYSEN DAM WY US',200503,74,387
COOP:481000,'BOYSEN DAM WY US',200504,82,457
COOP:481000,'BOYSEN DAM WY US',200505,332,538
COOP:481000,'BOYSEN DAM WY US',200506,53,646
COOP:481000,'BOYSEN DAM WY US',200507,9,760
COOP:481000,'BOYSEN DAM WY US',200508,73,702
COOP:481000,'BOYSEN DAM WY US',200509,71,611
COOP:481000,'BOYSEN DAM WY US',200510,133,503
COOP:481000,'BOYSEN DAM WY US',200511,67,361
COOP:481000,'BOYSEN DAM WY US',200512,56,191
COOP:481000,'BOYSEN DAM WY US',200601,12,276
COOP:481000,'BOYSEN DAM WY US',200602,27,235
COOP:481000,'BOYSEN DAM WY US',200603,36,364
COOP:481000,'BOYSEN DAM WY US',200604,53,430
COOP:481000,'BOYSEN DAM WY US',200605,52,568
COOP:481000,'BOYSEN DAM WY US',200606,17,713
COOP:481000,'BOYSEN DAM WY US',200607,28,793
COOP:481000,'BOYSEN DAM WY US',200608,29,738
COOP:481000,'BOYSEN DAM WY US',200609,156,586
COOP:481000,'BOYSEN DAM WY US',200610,60,463
COOP:481000,'BOYSEN DAM WY US',200611,16,363
COOP:481000,'BOYSEN DAM WY US',200612,5,247
COOP:481000,'BOYSEN DAM WY US',200701,54,150
COOP:481000,'BOYSEN DAM WY US',200702,21,299
COOP:481000,'BOYSEN DAM WY US',200703,71,432
COOP:481000,'BOYSEN DAM WY US',200704,44,465
COOP:481000,'BOYSEN DAM WY US',200705,197,581
COOP:481000,'BOYSEN DAM WY US',200706,212,685
COOP:481000,'BOYSEN DAM WY US',200707,313,792
COOP:481000,'BOYSEN DAM WY US',200708,28,753
COOP:481000,'BOYSEN DAM WY US',200709,30,625
COOP:481000,'BOYSEN DAM WY US',200710,137,496
COOP:481000,'BOYSEN DAM WY US',200711,0,362
COOP:481000,'BOYSEN DAM WY US',200712,92,144
COOP:481000,'BOYSEN DAM WY US',200801,9,131
COOP:481000,'BOYSEN DAM WY US',200802,0,283
COOP:481000,'BOYSEN DAM WY US',200803,2,359
COOP:481000,'BOYSEN DAM WY US',200804,70,419
COOP:481000,'BOYSEN DAM WY US',200805,567,530
COOP:481000,'BOYSEN DAM WY US',200806,71,646
COOP:481000,'BOYSEN DAM WY US',200807,7,767
COOP:481000,'BOYSEN DAM WY US',200808,18,737
COOP:481000,'BOYSEN DAM WY US',200809,83,580
COOP:481000,'BOYSEN DAM WY US',200810,41,456
COOP:481000,'BOYSEN DAM WY US',200811,18,387
COOP:481000,'BOYSEN DAM WY US',200812,40,201
COOP:481000,'BOYSEN DAM WY US',200901,17,209
COOP:481000,'BOYSEN DAM WY US',200902,1,301
COOP:481000,'BOYSEN DAM WY US',200903,60,349
COOP:481000,'BOYSEN DAM WY US',200904,110,439
COOP:481000,'BOYSEN DAM WY US',200905,43,577
COOP:481000,'BOYSEN DAM WY US',200906,142,617
COOP:481000,'BOYSEN DAM WY US',200907,89,722
COOP:481000,'BOYSEN DAM WY US',200908,152,692
COOP:481000,'BOYSEN DAM WY US',200909,19,648
COOP:481000,'BOYSEN DAM WY US',200910,180,395
COOP:481000,'BOYSEN DAM WY US',200911,0,350
COOP:481000,'BOYSEN DAM WY US',200912,33,107
COOP:481000,'BOYSEN DAM WY US',201001,20,126
COOP:481000,'BOYSEN DAM WY US',201002,23,208
COOP:481000,'BOYSEN DAM WY US',201003,19,391
COOP:481000,'BOYSEN DAM WY US',201004,159,455
COOP:481000,'BOYSEN DAM WY US',201005,320,497
COOP:481000,'BOYSEN DAM WY US',201006,112,646
COOP:481000,'BOYSEN DAM WY US',201007,62,735
COOP:481000,'BOYSEN DAM WY US',201008,28,725
COOP:481000,'BOYSEN DAM WY US',201009,0,633
COOP:481000,'BOYSEN DAM WY US',201010,24,534
COOP:481000,'BOYSEN DAM WY US',201011,66,325
COOP:481000,'BOYSEN DAM WY US',201012,47,226
COOP:481000,'BOYSEN DAM WY US',201101,14,173
COOP:481000,'BOYSEN DAM WY US',201102,62,163
COOP:481000,'BOYSEN DAM WY US',201103,8,384
COOP:481000,'BOYSEN DAM WY US',201104,63,436
COOP:481000,'BOYSEN DAM WY US',201105,513,497
COOP:481000,'BOYSEN DAM WY US',201106,76,637
COOP:481000,'BOYSEN DAM WY US',201107,9,771
COOP:481000,'BOYSEN DAM WY US',201108,56,750
COOP:481000,'BOYSEN DAM WY US',201109,3,640
COOP:481000,'BOYSEN DAM WY US',201110,227,503
COOP:481000,'BOYSEN DAM WY US',201111,23,311
COOP:481000,'BOYSEN DAM WY US',201112,77,178
COOP:481000,'BOYSEN DAM WY US',201201,9,242
COOP:481000,'BOYSEN DAM WY US',201202,39,270
COOP:481000,'BOYSEN DAM WY US',201203,14,436
COOP:481000,'BOYSEN DAM WY US',201204,52,524
COOP:481000,'BOYSEN DAM WY US',201205,82,562
COOP:481000,'BOYSEN DAM WY US',201206,0,705
COOP:481000,'BOYSEN DAM WY US',201207,18,794
COOP:481000,'BOYSEN DAM WY US',201208,1,745
COOP:481000,'BOYSEN DAM WY US',201209,8,641
COOP:481000,'BOYSEN DAM WY US',201210,11,472
COOP:481000,'BOYSEN DAM WY US',201211,34,365
COOP:481000,'BOYSEN DAM WY US',201212,39,232
COOP:481000,'BOYSEN DAM WY US',201301,26,100
COOP:481000,'BOYSEN DAM WY US',201302,49,236
COOP:481000,'BOYSEN DAM WY US',201303,26,360
COOP:481000,'BOYSEN DAM WY US',201304,38,427
COOP:481000,'BOYSEN DAM WY US',201305,96,570
COOP:481000,'BOYSEN DAM WY US',201306,2,689
COOP:481000,'BOYSEN DAM WY US',201307,46,769
COOP:481000,'BOYSEN DAM WY US',201308,5,760
COOP:481000,'BOYSEN DAM WY US',201309,245,645
COOP:481000,'BOYSEN DAM WY US',201310,180,423
COOP:481000,'BOYSEN DAM WY US',201311,14,336
COOP:481000,'BOYSEN DAM WY US',201312,27,160
COOP:481000,'BOYSEN DAM WY US',201401,9,207
COOP:481000,'BOYSEN DAM WY US',201402,5,204
COOP:481000,'BOYSEN DAM WY US',201403,102,352
COOP:481000,'BOYSEN DAM WY US',201404,39,452
COOP:481000,'BOYSEN DAM WY US',201405,86,567
COOP:481000,'BOYSEN DAM WY US',201406,153,632
COOP:481000,'BOYSEN DAM WY US',201407,99,745
COOP:485416,'LARAMIE 2 WSW SITE 2 WY US',201109,92,537
COOP:485416,'LARAMIE 2 WSW SITE 2 WY US',201110,166,437
COOP:485416,'LARAMIE 2 WSW SITE 2 WY US',201111,28,319
COOP:485416,'LARAMIE 2 WSW SITE 2 WY US',201112,19,190
COOP:485416,'LARAMIE 2 WSW SITE 2 WY US',201201,19,273
COOP:485416,'LARAMIE 2 WSW SITE 2 WY US',201202,176,227
COOP:485416,'LARAMIE 2 WSW SITE 2 WY US',201203,2,402
COOP:485416,'LARAMIE 2 WSW SITE 2 WY US',201204,43,448
COOP:485416,'LARAMIE 2 WSW SITE 2 WY US',201205,39,500
COOP:485416,'LARAMIE 2 WSW SITE 2 WY US',201206,44,629
COOP:485416,'LARAMIE 2 WSW SITE 2 WY US',201207,294,668
COOP:485416,'LARAMIE 2 WSW SITE 2 WY US',201208,21,638
COOP:485416,'LARAMIE 2 WSW SITE 2 WY US',201209,84,545
COOP:485416,'LARAMIE 2 WSW SITE 2 WY US',201210,97,428
COOP:485416,'LARAMIE 2 WSW SITE 2 WY US',201211,16,391
COOP:485416,'LARAMIE 2 WSW SITE 2 WY US',201212,56,229
COOP:485416,'LARAMIE 2 WSW SITE 2 WY US',201301,11,209
COOP:485416,'LARAMIE 2 WSW SITE 2 WY US',201302,61,229
COOP:485416,'LARAMIE 2 WSW SITE 2 WY US',201303,52,333
COOP:485416,'LARAMIE 2 WSW SITE 2 WY US',201304,93,344
COOP:485416,'LARAMIE 2 WSW SITE 2 WY US',201305,90,486
COOP:485416,'LARAMIE 2 WSW SITE 2 WY US',201307,198,650
COOP:485416,'LARAMIE 2 WSW SITE 2 WY US',201308,97,636
COOP:485416,'LARAMIE 2 WSW SITE 2 WY US',201309,322,567
COOP:485416,'LARAMIE 2 WSW SITE 2 WY US',201310,169,398
COOP:485415,'LARAMIE AIRPORT WY US',200001,18,257
COOP:485415,'LARAMIE AIRPORT WY US',200002,21,312
COOP:485415,'LARAMIE AIRPORT WY US',200003,35,328
COOP:485415,'LARAMIE AIRPORT WY US',200004,138,418
COOP:485415,'LARAMIE AIRPORT WY US',200005,385,509
COOP:485415,'LARAMIE AIRPORT WY US',200006,76,576
COOP:485415,'LARAMIE AIRPORT WY US',200007,100,662
COOP:485415,'LARAMIE AIRPORT WY US',200008,108,655
COOP:485415,'LARAMIE AIRPORT WY US',200009,182,531
COOP:485415,'LARAMIE AIRPORT WY US',200010,124,422
COOP:485415,'LARAMIE AIRPORT WY US',200011,7,144
COOP:485415,'LARAMIE AIRPORT WY US',200012,15,168
COOP:485415,'LARAMIE AIRPORT WY US',200101,7,170
COOP:485415,'LARAMIE AIRPORT WY US',200102,8,207
COOP:485415,'LARAMIE AIRPORT WY US',200103,25,300
COOP:485415,'LARAMIE AIRPORT WY US',200104,111,394
COOP:485415,'LARAMIE AIRPORT WY US',200105,92,484
COOP:485415,'LARAMIE AIRPORT WY US',200106,7,593
COOP:485415,'LARAMIE AIRPORT WY US',200107,95,675
COOP:485415,'LARAMIE AIRPORT WY US',200108,104,640
COOP:485415,'LARAMIE AIRPORT WY US',200109,64,564
COOP:485415,'LARAMIE AIRPORT WY US',200110,41,439
COOP:485415,'LARAMIE AIRPORT WY US',200111,42,310
COOP:485415,'LARAMIE AIRPORT WY US',200112,9,226
COOP:485415,'LARAMIE AIRPORT WY US',200201,6,200
COOP:485415,'LARAMIE AIRPORT WY US',200202,7,225
COOP:485415,'LARAMIE AIRPORT WY US',200203,63,246
COOP:485415,'LARAMIE AIRPORT WY US',200204,23,409
COOP:485415,'LARAMIE AIRPORT WY US',200205,82,470
COOP:485415,'LARAMIE AIRPORT WY US',200206,38,616
COOP:485415,'LARAMIE AIRPORT WY US',200207,50,675
COOP:485415,'LARAMIE AIRPORT WY US',200208,146,618
COOP:485415,'LARAMIE AIRPORT WY US',200209,58,549
COOP:485415,'LARAMIE AIRPORT WY US',200210,56,365
COOP:485415,'LARAMIE AIRPORT WY US',200211,6,273
COOP:485415,'LARAMIE AIRPORT WY US',200212,5,258
COOP:485415,'LARAMIE AIRPORT WY US',200301,5,302
COOP:485415,'LARAMIE AIRPORT WY US',200302,12,187
COOP:485415,'LARAMIE AIRPORT WY US',200303,95,301
COOP:485415,'LARAMIE AIRPORT WY US',200304,128,400
COOP:485415,'LARAMIE AIRPORT WY US',200305,173,486
COOP:485415,'LARAMIE AIRPORT WY US',200306,82,550
COOP:485415,'LARAMIE AIRPORT WY US',200307,111,678
COOP:485415,'LARAMIE AIRPORT WY US',200308,78,648
COOP:485415,'LARAMIE AIRPORT WY US',200309,76,512
COOP:485415,'LARAMIE AIRPORT WY US',200310,46,459
COOP:485415,'LARAMIE AIRPORT WY US',200311,59,270
COOP:485415,'LARAMIE AIRPORT WY US',200312,22,235
COOP:485415,'LARAMIE AIRPORT WY US',200401,5,239
COOP:485415,'LARAMIE AIRPORT WY US',200402,10,219
COOP:485415,'LARAMIE AIRPORT WY US',200403,0,377
COOP:485415,'LARAMIE AIRPORT WY US',200404,132,392
COOP:485415,'LARAMIE AIRPORT WY US',200405,69,494
COOP:485415,'LARAMIE AIRPORT WY US',200406,264,551
COOP:485415,'LARAMIE AIRPORT WY US',200407,107,622
COOP:485415,'LARAMIE AIRPORT WY US',200408,176,587
COOP:485415,'LARAMIE AIRPORT WY US',200409,303,522
COOP:485415,'LARAMIE AIRPORT WY US',200410,62,435
COOP:485415,'LARAMIE AIRPORT WY US',200411,15,295
COOP:485415,'LARAMIE AIRPORT WY US',200412,4,260
COOP:485415,'LARAMIE AIRPORT WY US',200501,30,283
COOP:485415,'LARAMIE AIRPORT WY US',200502,12,252
COOP:485415,'LARAMIE AIRPORT WY US',200503,48,303
COOP:485415,'LARAMIE AIRPORT WY US',200504,81,381
COOP:485415,'LARAMIE AIRPORT WY US',200505,105,473
COOP:485415,'LARAMIE AIRPORT WY US',200506,329,556
COOP:485415,'LARAMIE AIRPORT WY US',200507,97,665
COOP:485415,'LARAMIE AIRPORT WY US',200508,70,614
COOP:485415,'LARAMIE AIRPORT WY US',200509,43,556
COOP:485415,'LARAMIE AIRPORT WY US',200510,104,443
COOP:485415,'LARAMIE AIRPORT WY US',200511,40,325
COOP:485415,'LARAMIE AIRPORT WY US',200512,6,211
COOP:485415,'LARAMIE AIRPORT WY US',200601,3,265
COOP:485415,'LARAMIE AIRPORT WY US',200602,5,225
COOP:485415,'LARAMIE AIRPORT WY US',200603,21,279
COOP:485415,'LARAMIE AIRPORT WY US',200604,58,421
COOP:485415,'LARAMIE AIRPORT WY US',200605,86,502
COOP:485415,'LARAMIE AIRPORT WY US',200606,46,619
COOP:485415,'LARAMIE AIRPORT WY US',200607,159,671
COOP:485415,'LARAMIE AIRPORT WY US',200608,140,634
COOP:485415,'LARAMIE AIRPORT WY US',200609,125,490
COOP:485415,'LARAMIE AIRPORT WY US',200610,61,388
COOP:485415,'LARAMIE AIRPORT WY US',200611,6,320
COOP:485415,'LARAMIE AIRPORT WY US',200612,9,206
COOP:485415,'LARAMIE AIRPORT WY US',200701,13,91
COOP:485415,'LARAMIE AIRPORT WY US',200702,9,270
COOP:485415,'LARAMIE AIRPORT WY US',200703,85,357
COOP:485415,'LARAMIE AIRPORT WY US',200704,100,387
COOP:485415,'LARAMIE AIRPORT WY US',200705,142,484
COOP:485415,'LARAMIE AIRPORT WY US',200706,34,587
COOP:485415,'LARAMIE AIRPORT WY US',200707,218,674
COOP:485415,'LARAMIE AIRPORT WY US',200708,174,655
COOP:485415,'LARAMIE AIRPORT WY US',200709,151,553
COOP:485415,'LARAMIE AIRPORT WY US',200710,142,437
COOP:485415,'LARAMIE AIRPORT WY US',200711,7,334
COOP:485415,'LARAMIE AIRPORT WY US',200712,35,175
COOP:485415,'LARAMIE AIRPORT WY US',201201,16,262
COOP:485415,'LARAMIE AIRPORT WY US',201202,95,198
COOP:485415,'LARAMIE AIRPORT WY US',201203,0,387
COOP:485415,'LARAMIE AIRPORT WY US',201204,54,438
COOP:485415,'LARAMIE AIRPORT WY US',201205,71,496
COOP:485415,'LARAMIE AIRPORT WY US',201206,24,641
COOP:485415,'LARAMIE AIRPORT WY US',201207,148,678
COOP:485415,'LARAMIE AIRPORT WY US',201208,34,647
COOP:485415,'LARAMIE AIRPORT WY US',201209,47,555
COOP:485415,'LARAMIE AIRPORT WY US',201210,101,412
COOP:485415,'LARAMIE AIRPORT WY US',201211,16,380
COOP:485415,'LARAMIE AIRPORT WY US',201212,42,215
COOP:485415,'LARAMIE AIRPORT WY US',201301,0,179
COOP:485415,'LARAMIE AIRPORT WY US',201302,42,204
COOP:485415,'LARAMIE AIRPORT WY US',201303,34,305
COOP:485415,'LARAMIE AIRPORT WY US',201304,107,322
COOP:485415,'LARAMIE AIRPORT WY US',201305,99,478
COOP:485415,'LARAMIE AIRPORT WY US',201306,44,625
COOP:485415,'LARAMIE AIRPORT WY US',201307,188,659
COOP:485415,'LARAMIE AIRPORT WY US',201308,104,645
COOP:485415,'LARAMIE AIRPORT WY US',201309,305,571
COOP:485415,'LARAMIE AIRPORT WY US',201310,208,384
COOP:485415,'LARAMIE AIRPORT WY US',201311,46,320
COOP:485415,'LARAMIE AIRPORT WY US',201312,65,196
COOP:485415,'LARAMIE AIRPORT WY US',201401,68,215
COOP:485415,'LARAMIE AIRPORT WY US',201402,51,224
COOP:485415,'LARAMIE AIRPORT WY US',201403,54,326
COOP:485415,'LARAMIE AIRPORT WY US',201404,80,383
COOP:485415,'LARAMIE AIRPORT WY US',201405,254,469
COOP:485415,'LARAMIE AIRPORT WY US',201406,76,567
COOP:485415,'LARAMIE AIRPORT WY US',201407,332,650
COOP:485435,'LARAMIE 2 NW WY US',200001,31,215
COOP:485435,'LARAMIE 2 NW WY US',200002,27,278
COOP:485435,'LARAMIE 2 NW WY US',200003,58,292
COOP:485435,'LARAMIE 2 NW WY US',200004,154,385
COOP:485435,'LARAMIE 2 NW WY US',200005,281,498
COOP:485435,'LARAMIE 2 NW WY US',200006,81,579
COOP:485435,'LARAMIE 2 NW WY US',200007,75,654
COOP:485435,'LARAMIE 2 NW WY US',200008,101,649
COOP:485435,'LARAMIE 2 NW WY US',200009,182,516
COOP:485435,'LARAMIE 2 NW WY US',200010,119,426
COOP:485435,'LARAMIE 2 NW WY US',200011,32,131
COOP:485435,'LARAMIE 2 NW WY US',200012,33,159
COOP:485435,'LARAMIE 2 NW WY US',200101,17,157
COOP:485435,'LARAMIE 2 NW WY US',200102,31,216
COOP:485435,'LARAMIE 2 NW WY US',200103,32,306
COOP:485435,'LARAMIE 2 NW WY US',200104,79,376
COOP:485435,'LARAMIE 2 NW WY US',200105,184,472
COOP:485435,'LARAMIE 2 NW WY US',200106,6,605
COOP:485435,'LARAMIE 2 NW WY US',200107,68,659
COOP:485435,'LARAMIE 2 NW WY US',200108,87,631
COOP:485435,'LARAMIE 2 NW WY US',200109,67,544
COOP:485435,'LARAMIE 2 NW WY US',200110,50,420
COOP:485435,'LARAMIE 2 NW WY US',200111,62,308
COOP:485435,'LARAMIE 2 NW WY US',200112,18,213
COOP:485435,'LARAMIE 2 NW WY US',200201,28,185
COOP:485435,'LARAMIE 2 NW WY US',200202,17,213
COOP:485435,'LARAMIE 2 NW WY US',200203,78,251
COOP:485435,'LARAMIE 2 NW WY US',200204,52,405
COOP:485435,'LARAMIE 2 NW WY US',200205,43,473
COOP:485435,'LARAMIE 2 NW WY US',200206,20,589
COOP:485435,'LARAMIE 2 NW WY US',200207,33,644
COOP:485435,'LARAMIE 2 NW WY US',200208,92,610
COOP:485435,'LARAMIE 2 NW WY US',200209,98,545
COOP:485435,'LARAMIE 2 NW WY US',200210,100,358
COOP:485435,'LARAMIE 2 NW WY US',200211,18,278
COOP:485435,'LARAMIE 2 NW WY US',200301,12,300
COOP:485435,'LARAMIE 2 NW WY US',200302,28,202
COOP:485435,'LARAMIE 2 NW WY US',200303,175,304
COOP:485435,'LARAMIE 2 NW WY US',200304,200,396
COOP:485435,'LARAMIE 2 NW WY US',200305,269,494
COOP:485435,'LARAMIE 2 NW WY US',200306,80,553
COOP:485435,'LARAMIE 2 NW WY US',200307,51,657
COOP:485435,'LARAMIE 2 NW WY US',200308,71,654
COOP:485435,'LARAMIE 2 NW WY US',200309,59,527
COOP:485435,'LARAMIE 2 NW WY US',200310,40,473
COOP:485435,'LARAMIE 2 NW WY US',200311,102,308
COOP:485435,'LARAMIE 2 NW WY US',200312,44,247
COOP:485435,'LARAMIE 2 NW WY US',200401,4,248
COOP:485435,'LARAMIE 2 NW WY US',200402,49,241
COOP:485435,'LARAMIE 2 NW WY US',200403,2,376
COOP:485435,'LARAMIE 2 NW WY US',200404,136,418
COOP:485435,'LARAMIE 2 NW WY US',200405,73,518
COOP:485435,'LARAMIE 2 NW WY US',200406,201,567
COOP:485435,'LARAMIE 2 NW WY US',200407,170,634
COOP:485435,'LARAMIE 2 NW WY US',200408,146,592
COOP:485435,'LARAMIE 2 NW WY US',200409,471,524
COOP:485435,'LARAMIE 2 NW WY US',200410,83,450
COOP:485435,'LARAMIE 2 NW WY US',200411,30,304
COOP:485435,'LARAMIE 2 NW WY US',200412,8,260
COOP:485435,'LARAMIE 2 NW WY US',200501,37,308
COOP:485435,'LARAMIE 2 NW WY US',200502,29,263
COOP:485435,'LARAMIE 2 NW WY US',200503,75,343
COOP:485435,'LARAMIE 2 NW WY US',200506,323,560
COOP:485435,'LARAMIE 2 NW WY US',200507,120,668
COOP:485435,'LARAMIE 2 NW WY US',200508,134,615
COOP:485435,'LARAMIE 2 NW WY US',200509,33,554
COOP:485435,'LARAMIE 2 NW WY US',200510,138,445
COOP:485435,'LARAMIE 2 NW WY US',200511,48,329
COOP:485435,'LARAMIE 2 NW WY US',200512,12,211
COOP:485435,'LARAMIE 2 NW WY US',200601,4,266
COOP:485435,'LARAMIE 2 NW WY US',200602,10,219
COOP:485435,'LARAMIE 2 NW WY US',200603,45,289
COOP:485435,'LARAMIE 2 NW WY US',200605,97,503
COOP:485435,'LARAMIE 2 NW WY US',200606,29,619
COOP:485435,'LARAMIE 2 NW WY US',200607,137,673
COOP:485435,'LARAMIE 2 NW WY US',200608,151,632
COOP:485435,'LARAMIE 2 NW WY US',200609,62,487
COOP:485435,'LARAMIE 2 NW WY US',200610,68,387
COOP:485435,'LARAMIE 2 NW WY US',200611,17,316
COOP:485435,'LARAMIE 2 NW WY US',200612,60,204
COOP:485435,'LARAMIE 2 NW WY US',200701,40,98
COOP:485435,'LARAMIE 2 NW WY US',200702,8,275
COOP:485435,'LARAMIE 2 NW WY US',200703,89,367
COOP:485435,'LARAMIE 2 NW WY US',200704,127,401
COOP:485435,'LARAMIE 2 NW WY US',200705,146,497
COOP:485435,'LARAMIE 2 NW WY US',200706,40,590
COOP:485435,'LARAMIE 2 NW WY US',200707,169,679
COOP:485435,'LARAMIE 2 NW WY US',200708,158,652
COOP:485435,'LARAMIE 2 NW WY US',200709,107,551
COOP:485435,'LARAMIE 2 NW WY US',200710,138,439
COOP:485435,'LARAMIE 2 NW WY US',200711,7,336
COOP:485435,'LARAMIE 2 NW WY US',200712,33,181
COOP:485435,'LARAMIE 2 NW WY US',200801,7,166
COOP:485435,'LARAMIE 2 NW WY US',200802,12,230
COOP:485435,'LARAMIE 2 NW WY US',200803,32,290
COOP:485435,'LARAMIE 2 NW WY US',200804,52,349
COOP:485435,'LARAMIE 2 NW WY US',200805,379,454
COOP:485435,'LARAMIE 2 NW WY US',200806,232,581
COOP:485435,'LARAMIE 2 NW WY US',200807,83,647
COOP:485435,'LARAMIE 2 NW WY US',200808,178,622
COOP:485435,'LARAMIE 2 NW WY US',200809,101,524
COOP:485435,'LARAMIE 2 NW WY US',200810,15,419
COOP:485435,'LARAMIE 2 NW WY US',200812,30,208
COOP:485435,'LARAMIE 2 NW WY US',200901,31,251
COOP:485435,'LARAMIE 2 NW WY US',200902,6,285
COOP:485435,'LARAMIE 2 NW WY US',200903,28,320
COOP:485435,'LARAMIE 2 NW WY US',200904,128,364
COOP:485435,'LARAMIE 2 NW WY US',200905,172,505
COOP:485435,'LARAMIE 2 NW WY US',200906,222,564
COOP:485435,'LARAMIE 2 NW WY US',200907,284,625
COOP:485435,'LARAMIE 2 NW WY US',200908,46,601
COOP:485435,'LARAMIE 2 NW WY US',200909,65,539
COOP:485435,'LARAMIE 2 NW WY US',201001,14,177
COOP:485435,'LARAMIE 2 NW WY US',201002,29,168
COOP:485435,'LARAMIE 2 NW WY US',201101,40,208
COOP:485435,'LARAMIE 2 NW WY US',201102,31,191
COOP:485435,'LARAMIE 2 NW WY US',201103,54,342
COOP:485435,'LARAMIE 2 NW WY US',201105,121,448
COOP:485435,'LARAMIE 2 NW WY US',201106,124,573
COOP:485435,'LARAMIE 2 NW WY US',201107,190,669
COOP:485435,'LARAMIE 2 NW WY US',201108,55,655
COOP:485435,'LARAMIE 2 NW WY US',201109,97,540
COOP:485435,'LARAMIE 2 NW WY US',201110,129,433
COOP:485435,'LARAMIE 2 NW WY US',201111,42,308
COOP:485435,'LARAMIE 2 NW WY US',201112,20,166
COOP:485435,'LARAMIE 2 NW WY US',201201,14,262
COOP:485435,'LARAMIE 2 NW WY US',201202,80,213
COOP:485435,'LARAMIE 2 NW WY US',201203,0,391
COOP:485435,'LARAMIE 2 NW WY US',201204,87,448
COOP:485435,'LARAMIE 2 NW WY US',201205,71,507
COOP:485435,'LARAMIE 2 NW WY US',201206,18,633
COOP:485435,'LARAMIE 2 NW WY US',201207,155,686
COOP:485435,'LARAMIE 2 NW WY US',201208,18,642
COOP:485435,'LARAMIE 2 NW WY US',201209,57,550
COOP:485435,'LARAMIE 2 NW WY US',201210,128,420
COOP:485435,'LARAMIE 2 NW WY US',201211,15,377
COOP:485435,'LARAMIE 2 NW WY US',201212,33,212
COOP:485435,'LARAMIE 2 NW WY US',201301,10,181
COOP:485435,'LARAMIE 2 NW WY US',201302,42,209
COOP:485435,'LARAMIE 2 NW WY US',201303,31,310
COOP:485435,'LARAMIE 2 NW WY US',201304,65,336
COOP:485435,'LARAMIE 2 NW WY US',201305,81,493
COOP:485435,'LARAMIE 2 NW WY US',201306,55,616
COOP:485435,'LARAMIE 2 NW WY US',201307,221,664
COOP:485435,'LARAMIE 2 NW WY US',201308,74,650
COOP:485435,'LARAMIE 2 NW WY US',201309,273,584
COOP:485435,'LARAMIE 2 NW WY US',201310,178,418
COOP:485435,'LARAMIE 2 NW WY US',201311,37,335
COOP:485435,'LARAMIE 2 NW WY US',201312,51,218
COOP:485435,'LARAMIE 2 NW WY US',201401,39,234
COOP:485435,'LARAMIE 2 NW WY US',201402,39,246
COOP:485435,'LARAMIE 2 NW WY US',201403,39,348
COOP:485435,'LARAMIE 2 NW WY US',201404,39,402
COOP:485435,'LARAMIE 2 NW WY US',201405,160,476
COOP:485435,'LARAMIE 2 NW WY US',201406,83,567
COOP:485435,'LARAMIE 2 NW WY US',201407,343,645
COOP:486595,'MUDDY GAP WY US',200001,0,275
COOP:486595,'MUDDY GAP WY US',200002,26,329
COOP:486595,'MUDDY GAP WY US',200003,107,352
COOP:486595,'MUDDY GAP WY US',200004,71,462
COOP:486595,'MUDDY GAP WY US',200005,193,567
COOP:486595,'MUDDY GAP WY US',200006,72,621
COOP:486595,'MUDDY GAP WY US',200007,2,724
COOP:486595,'MUDDY GAP WY US',200008,39,731
COOP:486595,'MUDDY GAP WY US',200009,68,579
COOP:486595,'MUDDY GAP WY US',200010,60,464
COOP:486595,'MUDDY GAP WY US',200011,20,200
COOP:486595,'MUDDY GAP WY US',200012,14,211
COOP:486595,'MUDDY GAP WY US',200101,17,210
COOP:486595,'MUDDY GAP WY US',200102,53,222
COOP:486595,'MUDDY GAP WY US',200103,0,328
COOP:486595,'MUDDY GAP WY US',200104,93,442
COOP:486595,'MUDDY GAP WY US',200105,3,549
COOP:486595,'MUDDY GAP WY US',200107,62,746
COOP:486595,'MUDDY GAP WY US',200108,77,720
COOP:486595,'MUDDY GAP WY US',200109,94,623
COOP:486595,'MUDDY GAP WY US',200110,0,468
COOP:486595,'MUDDY GAP WY US',200112,0,229
COOP:486595,'MUDDY GAP WY US',200201,0,202
COOP:486595,'MUDDY GAP WY US',200202,0,255
COOP:486595,'MUDDY GAP WY US',200203,0,273
COOP:486595,'MUDDY GAP WY US',200204,94,441
COOP:486595,'MUDDY GAP WY US',200205,88,519
COOP:486595,'MUDDY GAP WY US',200206,25,662
COOP:486595,'MUDDY GAP WY US',200207,64,747
COOP:486595,'MUDDY GAP WY US',200208,77,674
COOP:486595,'MUDDY GAP WY US',200209,0,598
COOP:486595,'MUDDY GAP WY US',200210,55,414
COOP:486595,'MUDDY GAP WY US',200211,25,306
COOP:486595,'MUDDY GAP WY US',200212,20,271
COOP:486595,'MUDDY GAP WY US',200301,0,316
COOP:486595,'MUDDY GAP WY US',200302,59,235
COOP:486595,'MUDDY GAP WY US',200303,170,357
COOP:486595,'MUDDY GAP WY US',200304,121,490
COOP:486595,'MUDDY GAP WY US',200305,126,540
COOP:486595,'MUDDY GAP WY US',200306,268,594
COOP:486595,'MUDDY GAP WY US',200307,5,737
COOP:486595,'MUDDY GAP WY US',200308,48,736
COOP:486595,'MUDDY GAP WY US',200309,134,569
COOP:486595,'MUDDY GAP WY US',200310,103,510
COOP:486595,'MUDDY GAP WY US',200312,55,279
COOP:486595,'MUDDY GAP WY US',200405,55,536
COOP:486595,'MUDDY GAP WY US',200406,142,598
COOP:486595,'MUDDY GAP WY US',200410,45,484
COOP:486595,'MUDDY GAP WY US',200411,25,320
COOP:486595,'MUDDY GAP WY US',200507,0,751
COOP:486595,'MUDDY GAP WY US',200512,0,226
COOP:486595,'MUDDY GAP WY US',200601,28,286
COOP:486595,'MUDDY GAP WY US',200602,92,234
COOP:486595,'MUDDY GAP WY US',200603,94,337
COOP:486595,'MUDDY GAP WY US',200604,85,474
COOP:486595,'MUDDY GAP WY US',200605,190,551
COOP:486595,'MUDDY GAP WY US',200607,0,750
COOP:486595,'MUDDY GAP WY US',200608,15,695
COOP:486595,'MUDDY GAP WY US',200609,68,553
COOP:486595,'MUDDY GAP WY US',200610,29,416
COOP:486595,'MUDDY GAP WY US',200611,47,341
COOP:486595,'MUDDY GAP WY US',200612,0,245
COOP:486595,'MUDDY GAP WY US',200703,115,379
COOP:486595,'MUDDY GAP WY US',200708,55,712
COOP:486595,'MUDDY GAP WY US',200709,16,614
COOP:486595,'MUDDY GAP WY US',200710,144,490
COOP:486595,'MUDDY GAP WY US',200711,0,378
COOP:486595,'MUDDY GAP WY US',200712,0,193
COOP:486555,'MOUNTAIN VIEW WY US',200001,108,257
COOP:486555,'MOUNTAIN VIEW WY US',200002,41,303
COOP:486555,'MOUNTAIN VIEW WY US',200003,67,334
COOP:486555,'MOUNTAIN VIEW WY US',200004,93,456
COOP:486555,'MOUNTAIN VIEW WY US',200005,127,525
COOP:486555,'MOUNTAIN VIEW WY US',200006,15,590
COOP:486555,'MOUNTAIN VIEW WY US',200007,6,660
COOP:486555,'MOUNTAIN VIEW WY US',200008,90,661
COOP:486555,'MOUNTAIN VIEW WY US',200009,269,519
COOP:486555,'MOUNTAIN VIEW WY US',200010,70,425
COOP:486555,'MOUNTAIN VIEW WY US',200011,57,223
COOP:486555,'MOUNTAIN VIEW WY US',200012,38,246
COOP:486555,'MOUNTAIN VIEW WY US',200101,36,207
COOP:486555,'MOUNTAIN VIEW WY US',200102,72,212
COOP:486555,'MOUNTAIN VIEW WY US',200103,29,332
COOP:486555,'MOUNTAIN VIEW WY US',200104,102,418
COOP:486555,'MOUNTAIN VIEW WY US',200105,177,525
COOP:486555,'MOUNTAIN VIEW WY US',200106,33,590
COOP:486555,'MOUNTAIN VIEW WY US',200107,253,653
COOP:486555,'MOUNTAIN VIEW WY US',200108,85,650
COOP:486555,'MOUNTAIN VIEW WY US',200109,55,588
COOP:486555,'MOUNTAIN VIEW WY US',200110,20,463
COOP:486555,'MOUNTAIN VIEW WY US',200111,106,326
COOP:486555,'MOUNTAIN VIEW WY US',200112,57,189
COOP:486555,'MOUNTAIN VIEW WY US',200201,16,214
COOP:486555,'MOUNTAIN VIEW WY US',200202,26,241
COOP:486555,'MOUNTAIN VIEW WY US',200203,19,295
COOP:486555,'MOUNTAIN VIEW WY US',200204,118,420
COOP:486555,'MOUNTAIN VIEW WY US',200205,50,504
COOP:486555,'MOUNTAIN VIEW WY US',200206,33,600
COOP:486555,'MOUNTAIN VIEW WY US',200207,64,671
COOP:486555,'MOUNTAIN VIEW WY US',200208,31,626
COOP:486555,'MOUNTAIN VIEW WY US',200209,137,560
COOP:486555,'MOUNTAIN VIEW WY US',200210,129,410
COOP:486555,'MOUNTAIN VIEW WY US',200211,66,303
COOP:486555,'MOUNTAIN VIEW WY US',200212,24,265
COOP:486555,'MOUNTAIN VIEW WY US',200301,8,335
COOP:486555,'MOUNTAIN VIEW WY US',200302,72,232
COOP:486555,'MOUNTAIN VIEW WY US',200303,106,346
COOP:486555,'MOUNTAIN VIEW WY US',200304,40,418
COOP:486555,'MOUNTAIN VIEW WY US',200305,101,511
COOP:486555,'MOUNTAIN VIEW WY US',200306,283,574
COOP:486555,'MOUNTAIN VIEW WY US',200307,58,684
COOP:486555,'MOUNTAIN VIEW WY US',200308,192,653
COOP:486555,'MOUNTAIN VIEW WY US',200309,44,554
COOP:486555,'MOUNTAIN VIEW WY US',200310,97,497
COOP:486555,'MOUNTAIN VIEW WY US',200311,109,246
COOP:486555,'MOUNTAIN VIEW WY US',200312,37,244
COOP:486555,'MOUNTAIN VIEW WY US',200401,37,179
COOP:486555,'MOUNTAIN VIEW WY US',200402,44,186
COOP:486555,'MOUNTAIN VIEW WY US',200403,5,375
COOP:486555,'MOUNTAIN VIEW WY US',200404,153,429
COOP:486555,'MOUNTAIN VIEW WY US',200405,55,498
COOP:486555,'MOUNTAIN VIEW WY US',200406,101,579
COOP:486555,'MOUNTAIN VIEW WY US',200407,58,634
COOP:486555,'MOUNTAIN VIEW WY US',200408,77,603
COOP:486555,'MOUNTAIN VIEW WY US',200409,97,541
COOP:486555,'MOUNTAIN VIEW WY US',200410,145,442
COOP:486555,'MOUNTAIN VIEW WY US',200411,159,305
COOP:486555,'MOUNTAIN VIEW WY US',200412,16,270
COOP:486555,'MOUNTAIN VIEW WY US',200501,94,271
COOP:486555,'MOUNTAIN VIEW WY US',200502,29,249
COOP:486555,'MOUNTAIN VIEW WY US',200503,54,338
COOP:486555,'MOUNTAIN VIEW WY US',200504,156,411
COOP:486555,'MOUNTAIN VIEW WY US',200505,195,499
COOP:486555,'MOUNTAIN VIEW WY US',200506,61,549
COOP:486555,'MOUNTAIN VIEW WY US',200507,123,665
COOP:486555,'MOUNTAIN VIEW WY US',200508,74,620
COOP:486555,'MOUNTAIN VIEW WY US',200509,55,545
COOP:486555,'MOUNTAIN VIEW WY US',200510,36,458
COOP:486555,'MOUNTAIN VIEW WY US',200511,34,341
COOP:486555,'MOUNTAIN VIEW WY US',200512,62,238
COOP:486555,'MOUNTAIN VIEW WY US',200601,27,260
COOP:486555,'MOUNTAIN VIEW WY US',200602,55,235
COOP:486555,'MOUNTAIN VIEW WY US',200603,49,296
COOP:486555,'MOUNTAIN VIEW WY US',200604,22,438
COOP:486555,'MOUNTAIN VIEW WY US',200605,46,519
COOP:486555,'MOUNTAIN VIEW WY US',200606,81,603
COOP:486555,'MOUNTAIN VIEW WY US',200607,100,682
COOP:486555,'MOUNTAIN VIEW WY US',200608,173,627
COOP:486555,'MOUNTAIN VIEW WY US',200609,200,518
COOP:486555,'MOUNTAIN VIEW WY US',200610,134,422
COOP:486555,'MOUNTAIN VIEW WY US',200611,80,311
COOP:486555,'MOUNTAIN VIEW WY US',200612,93,222
COOP:486555,'MOUNTAIN VIEW WY US',200701,80,161
COOP:486555,'MOUNTAIN VIEW WY US',200702,51,284
COOP:486555,'MOUNTAIN VIEW WY US',200703,74,380
COOP:486555,'MOUNTAIN VIEW WY US',200704,58,430
COOP:486555,'MOUNTAIN VIEW WY US',200705,111,509
COOP:486555,'MOUNTAIN VIEW WY US',200706,1,611
COOP:486555,'MOUNTAIN VIEW WY US',200707,48,695
COOP:486555,'MOUNTAIN VIEW WY US',200708,77,667
COOP:486555,'MOUNTAIN VIEW WY US',200709,136,549
COOP:486555,'MOUNTAIN VIEW WY US',200710,140,448
COOP:486555,'MOUNTAIN VIEW WY US',200711,1,350
COOP:486555,'MOUNTAIN VIEW WY US',200712,88,202
COOP:486555,'MOUNTAIN VIEW WY US',200801,82,137
COOP:486555,'MOUNTAIN VIEW WY US',200802,85,227
COOP:486555,'MOUNTAIN VIEW WY US',200803,71,282
COOP:486555,'MOUNTAIN VIEW WY US',200805,164,477
COOP:486555,'MOUNTAIN VIEW WY US',200806,72,560
COOP:486555,'MOUNTAIN VIEW WY US',200807,103,663
COOP:486555,'MOUNTAIN VIEW WY US',200808,57,639
COOP:486555,'MOUNTAIN VIEW WY US',200809,149,543
COOP:486555,'MOUNTAIN VIEW WY US',200810,100,450
COOP:486555,'MOUNTAIN VIEW WY US',200811,15,366
COOP:486555,'MOUNTAIN VIEW WY US',200812,36,236
COOP:486555,'MOUNTAIN VIEW WY US',200901,55,275
COOP:486555,'MOUNTAIN VIEW WY US',200902,26,263
COOP:486555,'MOUNTAIN VIEW WY US',200903,57,316
COOP:486555,'MOUNTAIN VIEW WY US',200904,167,395
COOP:486555,'MOUNTAIN VIEW WY US',200905,76,517
COOP:486555,'MOUNTAIN VIEW WY US',200906,308,541
COOP:486555,'MOUNTAIN VIEW WY US',200907,77,639
COOP:486555,'MOUNTAIN VIEW WY US',200908,66,613
COOP:486555,'MOUNTAIN VIEW WY US',200909,95,575
COOP:486555,'MOUNTAIN VIEW WY US',200910,65,397
COOP:486555,'MOUNTAIN VIEW WY US',200911,25,326
COOP:486555,'MOUNTAIN VIEW WY US',200912,52,173
COOP:486555,'MOUNTAIN VIEW WY US',201001,3,237
COOP:486555,'MOUNTAIN VIEW WY US',201002,33,243
COOP:486555,'MOUNTAIN VIEW WY US',201003,135,334
COOP:486555,'MOUNTAIN VIEW WY US',201004,141,387
COOP:486555,'MOUNTAIN VIEW WY US',201005,178,442
COOP:486555,'MOUNTAIN VIEW WY US',201006,169,579
COOP:486555,'MOUNTAIN VIEW WY US',201007,22,656
COOP:486555,'MOUNTAIN VIEW WY US',201008,115,628
COOP:486555,'MOUNTAIN VIEW WY US',201009,20,573
COOP:486555,'MOUNTAIN VIEW WY US',201010,131,465
COOP:486555,'MOUNTAIN VIEW WY US',201011,51,294
COOP:486555,'MOUNTAIN VIEW WY US',201012,202,255
COOP:486555,'MOUNTAIN VIEW WY US',201101,5,245
COOP:486555,'MOUNTAIN VIEW WY US',201102,81,210
COOP:486555,'MOUNTAIN VIEW WY US',201103,125,307
COOP:486555,'MOUNTAIN VIEW WY US',201104,199,369
COOP:486555,'MOUNTAIN VIEW WY US',201105,358,442
COOP:486555,'MOUNTAIN VIEW WY US',201106,44,558
COOP:486555,'MOUNTAIN VIEW WY US',201107,158,645
COOP:486555,'MOUNTAIN VIEW WY US',201108,50,651
COOP:486555,'MOUNTAIN VIEW WY US',201109,91,566
COOP:486555,'MOUNTAIN VIEW WY US',201110,85,460
COOP:486555,'MOUNTAIN VIEW WY US',201111,151,270
COOP:486555,'MOUNTAIN VIEW WY US',201112,369,217
COOP:486555,'MOUNTAIN VIEW WY US',201201,84,279
COOP:486555,'MOUNTAIN VIEW WY US',201202,48,234
COOP:486555,'MOUNTAIN VIEW WY US',201203,41,375
COOP:486555,'MOUNTAIN VIEW WY US',201204,24,455
COOP:486555,'MOUNTAIN VIEW WY US',201205,25,506
COOP:486555,'MOUNTAIN VIEW WY US',201206,7,604
COOP:486555,'MOUNTAIN VIEW WY US',201207,206,662
COOP:486555,'MOUNTAIN VIEW WY US',201208,60,660
COOP:486555,'MOUNTAIN VIEW WY US',201209,56,571
COOP:486555,'MOUNTAIN VIEW WY US',201210,125,441
COOP:486555,'MOUNTAIN VIEW WY US',201211,53,358
COOP:486555,'MOUNTAIN VIEW WY US',201301,10,202
COOP:486555,'MOUNTAIN VIEW WY US',201302,22,239
COOP:486555,'MOUNTAIN VIEW WY US',201303,90,330
COOP:486555,'MOUNTAIN VIEW WY US',201304,142,386
COOP:486555,'MOUNTAIN VIEW WY US',201305,42,504
COOP:486555,'MOUNTAIN VIEW WY US',201306,2,615
COOP:486555,'MOUNTAIN VIEW WY US',201307,155,673
COOP:486555,'MOUNTAIN VIEW WY US',201308,64,644
COOP:486555,'MOUNTAIN VIEW WY US',201309,567,562
COOP:486555,'MOUNTAIN VIEW WY US',201310,154,427
COOP:486555,'MOUNTAIN VIEW WY US',201311,49,326
COOP:486555,'MOUNTAIN VIEW WY US',201312,209,222
COOP:486555,'MOUNTAIN VIEW WY US',201401,35,291
COOP:486555,'MOUNTAIN VIEW WY US',201402,88,277
COOP:486555,'MOUNTAIN VIEW WY US',201403,38,361
COOP:486555,'MOUNTAIN VIEW WY US',201404,32,415
COOP:486555,'MOUNTAIN VIEW WY US',201405,115,510
COOP:486555,'MOUNTAIN VIEW WY US',201406,72,566
COOP:486555,'MOUNTAIN VIEW WY US',201407,141,655
COOP:489905,'YELLOWSTONE PARK MAMMOTH WY US',200001,95,232
COOP:489905,'YELLOWSTONE PARK MAMMOTH WY US',200002,62,284
COOP:489905,'YELLOWSTONE PARK MAMMOTH WY US',200003,126,311
COOP:489905,'YELLOWSTONE PARK MAMMOTH WY US',200004,74,410
COOP:489905,'YELLOWSTONE PARK MAMMOTH WY US',200005,224,464
COOP:489905,'YELLOWSTONE PARK MAMMOTH WY US',200006,207,561
COOP:489905,'YELLOWSTONE PARK MAMMOTH WY US',200007,41,661
COOP:489905,'YELLOWSTONE PARK MAMMOTH WY US',200008,109,658
COOP:489905,'YELLOWSTONE PARK MAMMOTH WY US',200009,125,513
COOP:489905,'YELLOWSTONE PARK MAMMOTH WY US',200010,146,417
COOP:489905,'YELLOWSTONE PARK MAMMOTH WY US',200011,35,200
COOP:489905,'YELLOWSTONE PARK MAMMOTH WY US',200012,70,195
COOP:489905,'YELLOWSTONE PARK MAMMOTH WY US',200101,8,199
COOP:489905,'YELLOWSTONE PARK MAMMOTH WY US',200102,25,190
COOP:489905,'YELLOWSTONE PARK MAMMOTH WY US',200103,59,318
COOP:489905,'YELLOWSTONE PARK MAMMOTH WY US',200104,134,376
COOP:489905,'YELLOWSTONE PARK MAMMOTH WY US',200105,148,503
COOP:489905,'YELLOWSTONE PARK MAMMOTH WY US',200106,153,564
COOP:489905,'YELLOWSTONE PARK MAMMOTH WY US',200107,144,657
COOP:489905,'YELLOWSTONE PARK MAMMOTH WY US',200108,20,652
COOP:489905,'YELLOWSTONE PARK MAMMOTH WY US',200109,33,580
COOP:489905,'YELLOWSTONE PARK MAMMOTH WY US',200110,82,417
COOP:489905,'YELLOWSTONE PARK MAMMOTH WY US',200111,80,346
COOP:489905,'YELLOWSTONE PARK MAMMOTH WY US',200112,43,189
COOP:489905,'YELLOWSTONE PARK MAMMOTH WY US',200201,67,184
COOP:489905,'YELLOWSTONE PARK MAMMOTH WY US',200202,36,197
COOP:489905,'YELLOWSTONE PARK MAMMOTH WY US',200203,88,216
COOP:489905,'YELLOWSTONE PARK MAMMOTH WY US',200204,142,357
COOP:489905,'YELLOWSTONE PARK MAMMOTH WY US',200205,185,448
COOP:489905,'YELLOWSTONE PARK MAMMOTH WY US',200206,181,569
COOP:489905,'YELLOWSTONE PARK MAMMOTH WY US',200207,45,673
COOP:489905,'YELLOWSTONE PARK MAMMOTH WY US',200208,59,590
COOP:489905,'YELLOWSTONE PARK MAMMOTH WY US',200209,96,536
COOP:489905,'YELLOWSTONE PARK MAMMOTH WY US',200210,88,354
COOP:489905,'YELLOWSTONE PARK MAMMOTH WY US',200211,84,271
COOP:489905,'YELLOWSTONE PARK MAMMOTH WY US',200212,19,242
COOP:489905,'YELLOWSTONE PARK MAMMOTH WY US',200301,70,262
COOP:489905,'YELLOWSTONE PARK MAMMOTH WY US',200302,75,193
COOP:489905,'YELLOWSTONE PARK MAMMOTH WY US',200303,138,297
COOP:489905,'YELLOWSTONE PARK MAMMOTH WY US',200304,207,388
COOP:489905,'YELLOWSTONE PARK MAMMOTH WY US',200305,176,472
COOP:489905,'YELLOWSTONE PARK MAMMOTH WY US',200306,73,555
COOP:489905,'YELLOWSTONE PARK MAMMOTH WY US',200307,99,689
COOP:489905,'YELLOWSTONE PARK MAMMOTH WY US',200308,86,671
COOP:489905,'YELLOWSTONE PARK MAMMOTH WY US',200309,90,520
COOP:489905,'YELLOWSTONE PARK MAMMOTH WY US',200310,112,449
COOP:489905,'YELLOWSTONE PARK MAMMOTH WY US',200312,142,232
COOP:489905,'YELLOWSTONE PARK MAMMOTH WY US',200401,59,200
COOP:489905,'YELLOWSTONE PARK MAMMOTH WY US',200402,67,220
COOP:489905,'YELLOWSTONE PARK MAMMOTH WY US',200403,36,357
COOP:489905,'YELLOWSTONE PARK MAMMOTH WY US',200404,40,413
COOP:489905,'YELLOWSTONE PARK MAMMOTH WY US',200405,238,456
COOP:489905,'YELLOWSTONE PARK MAMMOTH WY US',200406,194,539
COOP:489905,'YELLOWSTONE PARK MAMMOTH WY US',200407,200,630
COOP:489905,'YELLOWSTONE PARK MAMMOTH WY US',200408,88,601
COOP:489905,'YELLOWSTONE PARK MAMMOTH WY US',200409,174,518
COOP:489905,'YELLOWSTONE PARK MAMMOTH WY US',200410,125,449
COOP:489905,'YELLOWSTONE PARK MAMMOTH WY US',200411,16,320
COOP:489905,'YELLOWSTONE PARK MAMMOTH WY US',200412,51,266
COOP:489905,'YELLOWSTONE PARK MAMMOTH WY US',200501,132,251
COOP:489905,'YELLOWSTONE PARK MAMMOTH WY US',200502,35,269
COOP:489905,'YELLOWSTONE PARK MAMMOTH WY US',200503,71,320
COOP:489905,'YELLOWSTONE PARK MAMMOTH WY US',200504,72,400
COOP:489905,'YELLOWSTONE PARK MAMMOTH WY US',200505,169,479
COOP:489905,'YELLOWSTONE PARK MAMMOTH WY US',200506,331,549
COOP:489905,'YELLOWSTONE PARK MAMMOTH WY US',200507,112,678
COOP:489905,'YELLOWSTONE PARK MAMMOTH WY US',200508,223,627
COOP:489905,'YELLOWSTONE PARK MAMMOTH WY US',200509,111,543
COOP:489905,'YELLOWSTONE PARK MAMMOTH WY US',200510,116,462
COOP:489905,'YELLOWSTONE PARK MAMMOTH WY US',200511,209,314
COOP:489905,'YELLOWSTONE PARK MAMMOTH WY US',200512,91,203
COOP:489905,'YELLOWSTONE PARK MAMMOTH WY US',200601,76,271
COOP:489905,'YELLOWSTONE PARK MAMMOTH WY US',200603,90,305
COOP:489905,'YELLOWSTONE PARK MAMMOTH WY US',200604,151,416
COOP:489905,'YELLOWSTONE PARK MAMMOTH WY US',200605,150,505
COOP:489905,'YELLOWSTONE PARK MAMMOTH WY US',200606,201,599
COOP:489905,'YELLOWSTONE PARK MAMMOTH WY US',200607,195,695
COOP:489905,'YELLOWSTONE PARK MAMMOTH WY US',200608,41,639
COOP:489905,'YELLOWSTONE PARK MAMMOTH WY US',200609,115,538
COOP:489905,'YELLOWSTONE PARK MAMMOTH WY US',200610,266,399
COOP:489905,'YELLOWSTONE PARK MAMMOTH WY US',200611,110,313
COOP:489905,'YELLOWSTONE PARK MAMMOTH WY US',200612,49,230
COOP:489905,'YELLOWSTONE PARK MAMMOTH WY US',200701,70,164
COOP:489905,'YELLOWSTONE PARK MAMMOTH WY US',200702,110,259
COOP:489905,'YELLOWSTONE PARK MAMMOTH WY US',200703,36,373
COOP:489905,'YELLOWSTONE PARK MAMMOTH WY US',200704,133,408
COOP:489905,'YELLOWSTONE PARK MAMMOTH WY US',200705,50,510
COOP:489905,'YELLOWSTONE PARK MAMMOTH WY US',200706,128,592
COOP:489905,'YELLOWSTONE PARK MAMMOTH WY US',200707,64,722
COOP:489905,'YELLOWSTONE PARK MAMMOTH WY US',200708,160,648
COOP:489905,'YELLOWSTONE PARK MAMMOTH WY US',200709,113,549
COOP:489905,'YELLOWSTONE PARK MAMMOTH WY US',200710,191,411
COOP:489905,'YELLOWSTONE PARK MAMMOTH WY US',200711,46,323
COOP:489905,'YELLOWSTONE PARK MAMMOTH WY US',200712,63,199
COOP:489905,'YELLOWSTONE PARK MAMMOTH WY US',200801,134,166
COOP:489905,'YELLOWSTONE PARK MAMMOTH WY US',200802,57,257
COOP:489905,'YELLOWSTONE PARK MAMMOTH WY US',200803,119,231
COOP:489905,'YELLOWSTONE PARK MAMMOTH WY US',200804,72,308
COOP:489905,'YELLOWSTONE PARK MAMMOTH WY US',200806,131,548
COOP:489905,'YELLOWSTONE PARK MAMMOTH WY US',200807,202,651
COOP:489905,'YELLOWSTONE PARK MAMMOTH WY US',200808,93,646
COOP:489905,'YELLOWSTONE PARK MAMMOTH WY US',200809,84,515
COOP:489905,'YELLOWSTONE PARK MAMMOTH WY US',200810,132,423
COOP:489905,'YELLOWSTONE PARK MAMMOTH WY US',200811,109,353
COOP:489905,'YELLOWSTONE PARK MAMMOTH WY US',200812,126,166
COOP:489905,'YELLOWSTONE PARK MAMMOTH WY US',200901,80,201
COOP:489905,'YELLOWSTONE PARK MAMMOTH WY US',200902,58,249
COOP:489905,'YELLOWSTONE PARK MAMMOTH WY US',200903,171,265
COOP:489905,'YELLOWSTONE PARK MAMMOTH WY US',200904,242,368
COOP:489905,'YELLOWSTONE PARK MAMMOTH WY US',200905,85,480
COOP:489905,'YELLOWSTONE PARK MAMMOTH WY US',200906,209,534
COOP:489905,'YELLOWSTONE PARK MAMMOTH WY US',200907,154,624
COOP:489905,'YELLOWSTONE PARK MAMMOTH WY US',200908,129,624
COOP:489905,'YELLOWSTONE PARK MAMMOTH WY US',200909,42,583
COOP:489905,'YELLOWSTONE PARK MAMMOTH WY US',200910,221,329
COOP:489905,'YELLOWSTONE PARK MAMMOTH WY US',200911,68,313
COOP:489905,'YELLOWSTONE PARK MAMMOTH WY US',200912,15,146
COOP:489905,'YELLOWSTONE PARK MAMMOTH WY US',201001,49,227
COOP:489905,'YELLOWSTONE PARK MAMMOTH WY US',201002,7,244
COOP:489905,'YELLOWSTONE PARK MAMMOTH WY US',201003,88,335
COOP:489905,'YELLOWSTONE PARK MAMMOTH WY US',201004,189,376
COOP:489905,'YELLOWSTONE PARK MAMMOTH WY US',201005,179,427
COOP:489905,'YELLOWSTONE PARK MAMMOTH WY US',201006,161,548
COOP:489905,'YELLOWSTONE PARK MAMMOTH WY US',201007,52,624
COOP:489905,'YELLOWSTONE PARK MAMMOTH WY US',201008,175,621
COOP:489905,'YELLOWSTONE PARK MAMMOTH WY US',201009,15,550
COOP:489905,'YELLOWSTONE PARK MAMMOTH WY US',201010,89,472
COOP:489905,'YELLOWSTONE PARK MAMMOTH WY US',201011,378,264
COOP:489905,'YELLOWSTONE PARK MAMMOTH WY US',201012,135,247
COOP:489905,'YELLOWSTONE PARK MAMMOTH WY US',201101,121,211
COOP:489905,'YELLOWSTONE PARK MAMMOTH WY US',201102,65,161
COOP:489905,'YELLOWSTONE PARK MAMMOTH WY US',201103,112,316
COOP:489905,'YELLOWSTONE PARK MAMMOTH WY US',201104,115,348
COOP:489905,'YELLOWSTONE PARK MAMMOTH WY US',201105,254,435
COOP:489905,'YELLOWSTONE PARK MAMMOTH WY US',201106,105,535
COOP:489905,'YELLOWSTONE PARK MAMMOTH WY US',201107,67,650
COOP:489905,'YELLOWSTONE PARK MAMMOTH WY US',201108,43,649
COOP:489905,'YELLOWSTONE PARK MAMMOTH WY US',201109,15,570
COOP:489905,'YELLOWSTONE PARK MAMMOTH WY US',201110,87,455
COOP:489905,'YELLOWSTONE PARK MAMMOTH WY US',201111,101,286
COOP:489905,'YELLOWSTONE PARK MAMMOTH WY US',201112,28,213
COOP:489905,'YELLOWSTONE PARK MAMMOTH WY US',201201,117,253
COOP:489905,'YELLOWSTONE PARK MAMMOTH WY US',201202,76,240
COOP:489905,'YELLOWSTONE PARK MAMMOTH WY US',201203,173,357
COOP:489905,'YELLOWSTONE PARK MAMMOTH WY US',201204,191,439
COOP:489905,'YELLOWSTONE PARK MAMMOTH WY US',201205,231,457
COOP:489905,'YELLOWSTONE PARK MAMMOTH WY US',201206,92,566
COOP:489905,'YELLOWSTONE PARK MAMMOTH WY US',201207,56,673
COOP:489905,'YELLOWSTONE PARK MAMMOTH WY US',201208,33,651
COOP:489905,'YELLOWSTONE PARK MAMMOTH WY US',201209,56,569
COOP:489905,'YELLOWSTONE PARK MAMMOTH WY US',201210,93,407
COOP:489905,'YELLOWSTONE PARK MAMMOTH WY US',201211,124,342
COOP:489905,'YELLOWSTONE PARK MAMMOTH WY US',201212,189,238
COOP:489905,'YELLOWSTONE PARK MAMMOTH WY US',201301,105,195
COOP:489905,'YELLOWSTONE PARK MAMMOTH WY US',201302,36,246
COOP:489905,'YELLOWSTONE PARK MAMMOTH WY US',201303,127,301
COOP:489905,'YELLOWSTONE PARK MAMMOTH WY US',201304,141,358
COOP:489905,'YELLOWSTONE PARK MAMMOTH WY US',201305,118,496
COOP:489905,'YELLOWSTONE PARK MAMMOTH WY US',201306,83,574
COOP:489905,'YELLOWSTONE PARK MAMMOTH WY US',201307,213,674
COOP:489905,'YELLOWSTONE PARK MAMMOTH WY US',201308,52,667
COOP:489905,'YELLOWSTONE PARK MAMMOTH WY US',201309,159,559
COOP:489905,'YELLOWSTONE PARK MAMMOTH WY US',201310,164,383
COOP:489905,'YELLOWSTONE PARK MAMMOTH WY US',201311,56,314
COOP:489905,'YELLOWSTONE PARK MAMMOTH WY US',201312,83,171
COOP:489905,'YELLOWSTONE PARK MAMMOTH WY US',201401,62,241
COOP:489905,'YELLOWSTONE PARK MAMMOTH WY US',201402,115,183
COOP:489905,'YELLOWSTONE PARK MAMMOTH WY US',201403,215,296
COOP:489905,'YELLOWSTONE PARK MAMMOTH WY US',201404,159,394
COOP:489905,'YELLOWSTONE PARK MAMMOTH WY US',201405,38,497
COOP:489905,'YELLOWSTONE PARK MAMMOTH WY US',201406,163,540
COOP:489905,'YELLOWSTONE PARK MAMMOTH WY US',201407,54,663
COOP:489900,'YELLOWSTONE NATIONAL PARK CYN R S WY US',200301,304,191
COOP:489900,'YELLOWSTONE NATIONAL PARK CYN R S WY US',200302,172,106
COOP:489900,'YELLOWSTONE NATIONAL PARK CYN R S WY US',200303,364,207
COOP:489902,'YELLOWSTONE NATIONAL PARK EAST ENTRANCE WY US',200012,913,158
COOP:489902,'YELLOWSTONE NATIONAL PARK EAST ENTRANCE WY US',200101,20,149
COOP:489902,'YELLOWSTONE NATIONAL PARK EAST ENTRANCE WY US',200102,100,168
COOP:489902,'YELLOWSTONE NATIONAL PARK EAST ENTRANCE WY US',200103,195,279
COOP:489902,'YELLOWSTONE NATIONAL PARK EAST ENTRANCE WY US',200104,300,345
COOP:489902,'YELLOWSTONE NATIONAL PARK EAST ENTRANCE WY US',200105,275,448
COOP:489902,'YELLOWSTONE NATIONAL PARK EAST ENTRANCE WY US',200201,236,160
COOP:489902,'YELLOWSTONE NATIONAL PARK EAST ENTRANCE WY US',200202,139,151
COOP:489902,'YELLOWSTONE NATIONAL PARK EAST ENTRANCE WY US',200203,255,185
COOP:489902,'YELLOWSTONE NATIONAL PARK EAST ENTRANCE WY US',200205,196,413
COOP:489902,'YELLOWSTONE NATIONAL PARK EAST ENTRANCE WY US',200206,115,514
COOP:489902,'YELLOWSTONE NATIONAL PARK EAST ENTRANCE WY US',200207,90,617
COOP:489902,'YELLOWSTONE NATIONAL PARK EAST ENTRANCE WY US',200208,59,535
COOP:489902,'YELLOWSTONE NATIONAL PARK EAST ENTRANCE WY US',200209,167,481
COOP:489902,'YELLOWSTONE NATIONAL PARK EAST ENTRANCE WY US',200210,191,326
COOP:489902,'YELLOWSTONE NATIONAL PARK EAST ENTRANCE WY US',200212,149,192
COOP:489902,'YELLOWSTONE NATIONAL PARK EAST ENTRANCE WY US',200301,301,240
COOP:489902,'YELLOWSTONE NATIONAL PARK EAST ENTRANCE WY US',200302,163,166
COOP:489902,'YELLOWSTONE NATIONAL PARK EAST ENTRANCE WY US',200305,179,441
COOP:489902,'YELLOWSTONE NATIONAL PARK EAST ENTRANCE WY US',200306,74,494
COOP:489902,'YELLOWSTONE NATIONAL PARK EAST ENTRANCE WY US',200307,5,622
COOP:489902,'YELLOWSTONE NATIONAL PARK EAST ENTRANCE WY US',200308,29,589
COOP:489902,'YELLOWSTONE NATIONAL PARK EAST ENTRANCE WY US',200309,178,470
COOP:489902,'YELLOWSTONE NATIONAL PARK EAST ENTRANCE WY US',200310,185,410
COOP:489902,'YELLOWSTONE NATIONAL PARK EAST ENTRANCE WY US',200312,285,175
COOP:489902,'YELLOWSTONE NATIONAL PARK EAST ENTRANCE WY US',200401,173,175
COOP:489902,'YELLOWSTONE NATIONAL PARK EAST ENTRANCE WY US',200402,47,182
COOP:489902,'YELLOWSTONE NATIONAL PARK EAST ENTRANCE WY US',200403,48,306
COOP:489902,'YELLOWSTONE NATIONAL PARK EAST ENTRANCE WY US',200405,277,415
COOP:489902,'YELLOWSTONE NATIONAL PARK EAST ENTRANCE WY US',200406,265,494
COOP:489902,'YELLOWSTONE NATIONAL PARK EAST ENTRANCE WY US',200407,186,572
COOP:489902,'YELLOWSTONE NATIONAL PARK EAST ENTRANCE WY US',200408,385,543
COOP:489902,'YELLOWSTONE NATIONAL PARK EAST ENTRANCE WY US',200409,291,463
COOP:489902,'YELLOWSTONE NATIONAL PARK EAST ENTRANCE WY US',200410,225,386
COOP:489902,'YELLOWSTONE NATIONAL PARK EAST ENTRANCE WY US',200411,100,260
COOP:489902,'YELLOWSTONE NATIONAL PARK EAST ENTRANCE WY US',200412,162,202
COOP:489902,'YELLOWSTONE NATIONAL PARK EAST ENTRANCE WY US',200501,145,206
COOP:489902,'YELLOWSTONE NATIONAL PARK EAST ENTRANCE WY US',200502,135,195
COOP:489902,'YELLOWSTONE NATIONAL PARK EAST ENTRANCE WY US',200503,140,260
COOP:489902,'YELLOWSTONE NATIONAL PARK EAST ENTRANCE WY US',200505,231,423
COOP:489902,'YELLOWSTONE NATIONAL PARK EAST ENTRANCE WY US',200506,245,491
COOP:489902,'YELLOWSTONE NATIONAL PARK EAST ENTRANCE WY US',200507,54,592
COOP:489902,'YELLOWSTONE NATIONAL PARK EAST ENTRANCE WY US',200509,229,473
COOP:489902,'YELLOWSTONE NATIONAL PARK EAST ENTRANCE WY US',200510,147,396
COOP:489902,'YELLOWSTONE NATIONAL PARK EAST ENTRANCE WY US',200601,246,205
COOP:489902,'YELLOWSTONE NATIONAL PARK EAST ENTRANCE WY US',200602,117,146
COOP:489902,'YELLOWSTONE NATIONAL PARK EAST ENTRANCE WY US',200603,134,226
COOP:489902,'YELLOWSTONE NATIONAL PARK EAST ENTRANCE WY US',200605,189,441
COOP:489902,'YELLOWSTONE NATIONAL PARK EAST ENTRANCE WY US',200606,74,534
COOP:489902,'YELLOWSTONE NATIONAL PARK EAST ENTRANCE WY US',200607,98,619
COOP:489902,'YELLOWSTONE NATIONAL PARK EAST ENTRANCE WY US',200608,46,562
COOP:489902,'YELLOWSTONE NATIONAL PARK EAST ENTRANCE WY US',200609,137,470
COOP:489902,'YELLOWSTONE NATIONAL PARK EAST ENTRANCE WY US',200610,295,353
COOP:489902,'YELLOWSTONE NATIONAL PARK EAST ENTRANCE WY US',200701,118,116
COOP:489902,'YELLOWSTONE NATIONAL PARK EAST ENTRANCE WY US',200702,188,215
COOP:489902,'YELLOWSTONE NATIONAL PARK EAST ENTRANCE WY US',200703,63,293
COOP:489902,'YELLOWSTONE NATIONAL PARK EAST ENTRANCE WY US',200705,78,455
COOP:489902,'YELLOWSTONE NATIONAL PARK EAST ENTRANCE WY US',200706,100,535
COOP:489902,'YELLOWSTONE NATIONAL PARK EAST ENTRANCE WY US',200707,91,631
COOP:489902,'YELLOWSTONE NATIONAL PARK EAST ENTRANCE WY US',200708,104,576
COOP:489902,'YELLOWSTONE NATIONAL PARK EAST ENTRANCE WY US',200709,179,486
COOP:489902,'YELLOWSTONE NATIONAL PARK EAST ENTRANCE WY US',200710,421,379
COOP:489902,'YELLOWSTONE NATIONAL PARK EAST ENTRANCE WY US',200711,238,278
COOP:489902,'YELLOWSTONE NATIONAL PARK EAST ENTRANCE WY US',200712,245,151
COOP:489902,'YELLOWSTONE NATIONAL PARK EAST ENTRANCE WY US',200801,243,115
COOP:489902,'YELLOWSTONE NATIONAL PARK EAST ENTRANCE WY US',200802,140,180
COOP:489902,'YELLOWSTONE NATIONAL PARK EAST ENTRANCE WY US',200803,257,202
COOP:489902,'YELLOWSTONE NATIONAL PARK EAST ENTRANCE WY US',200805,380,418
COOP:489902,'YELLOWSTONE NATIONAL PARK EAST ENTRANCE WY US',200806,235,495
COOP:489902,'YELLOWSTONE NATIONAL PARK EAST ENTRANCE WY US',200807,22,579
COOP:489902,'YELLOWSTONE NATIONAL PARK EAST ENTRANCE WY US',200808,46,570
COOP:489902,'YELLOWSTONE NATIONAL PARK EAST ENTRANCE WY US',200809,122,467
COOP:489902,'YELLOWSTONE NATIONAL PARK EAST ENTRANCE WY US',200810,90,378
COOP:489902,'YELLOWSTONE NATIONAL PARK EAST ENTRANCE WY US',200812,250,143
COOP:489902,'YELLOWSTONE NATIONAL PARK EAST ENTRANCE WY US',200901,382,160
COOP:489902,'YELLOWSTONE NATIONAL PARK EAST ENTRANCE WY US',200902,81,185
COOP:489902,'YELLOWSTONE NATIONAL PARK EAST ENTRANCE WY US',200904,300,314
COOP:489902,'YELLOWSTONE NATIONAL PARK EAST ENTRANCE WY US',200905,262,415
COOP:489902,'YELLOWSTONE NATIONAL PARK EAST ENTRANCE WY US',200906,416,495
COOP:489902,'YELLOWSTONE NATIONAL PARK EAST ENTRANCE WY US',200907,60,572
COOP:489902,'YELLOWSTONE NATIONAL PARK EAST ENTRANCE WY US',200908,158,557
COOP:489902,'YELLOWSTONE NATIONAL PARK EAST ENTRANCE WY US',200909,50,517
COOP:489902,'YELLOWSTONE NATIONAL PARK EAST ENTRANCE WY US',200910,196,303
COOP:489902,'YELLOWSTONE NATIONAL PARK EAST ENTRANCE WY US',200912,73,128
COOP:489902,'YELLOWSTONE NATIONAL PARK EAST ENTRANCE WY US',201001,108,181
COOP:489902,'YELLOWSTONE NATIONAL PARK EAST ENTRANCE WY US',201002,57,171
COOP:489902,'YELLOWSTONE NATIONAL PARK EAST ENTRANCE WY US',201005,244,380
COOP:489902,'YELLOWSTONE NATIONAL PARK EAST ENTRANCE WY US',201006,533,499
COOP:489902,'YELLOWSTONE NATIONAL PARK EAST ENTRANCE WY US',201007,25,574
COOP:489902,'YELLOWSTONE NATIONAL PARK EAST ENTRANCE WY US',201008,170,563
COOP:489902,'YELLOWSTONE NATIONAL PARK EAST ENTRANCE WY US',201009,186,482
COOP:489902,'YELLOWSTONE NATIONAL PARK EAST ENTRANCE WY US',201010,235,420
COOP:489902,'YELLOWSTONE NATIONAL PARK EAST ENTRANCE WY US',201011,279,289
COOP:489902,'YELLOWSTONE NATIONAL PARK EAST ENTRANCE WY US',201012,388,198
COOP:489902,'YELLOWSTONE NATIONAL PARK EAST ENTRANCE WY US',201101,225,179
COOP:489902,'YELLOWSTONE NATIONAL PARK EAST ENTRANCE WY US',201102,164,134
COOP:489902,'YELLOWSTONE NATIONAL PARK EAST ENTRANCE WY US',201105,401,386
COOP:489902,'YELLOWSTONE NATIONAL PARK EAST ENTRANCE WY US',201106,247,468
COOP:489902,'YELLOWSTONE NATIONAL PARK EAST ENTRANCE WY US',201107,148,584
COOP:489902,'YELLOWSTONE NATIONAL PARK EAST ENTRANCE WY US',201108,95,583
COOP:489902,'YELLOWSTONE NATIONAL PARK EAST ENTRANCE WY US',201109,55,504
COOP:489902,'YELLOWSTONE NATIONAL PARK EAST ENTRANCE WY US',201110,247,401
COOP:489902,'YELLOWSTONE NATIONAL PARK EAST ENTRANCE WY US',201201,147,182
COOP:489902,'YELLOWSTONE NATIONAL PARK EAST ENTRANCE WY US',201202,211,165
COOP:489902,'YELLOWSTONE NATIONAL PARK EAST ENTRANCE WY US',201203,190,289
COOP:489902,'YELLOWSTONE NATIONAL PARK EAST ENTRANCE WY US',201205,237,424
COOP:489902,'YELLOWSTONE NATIONAL PARK EAST ENTRANCE WY US',201206,115,523
COOP:489902,'YELLOWSTONE NATIONAL PARK EAST ENTRANCE WY US',201207,185,613
COOP:489902,'YELLOWSTONE NATIONAL PARK EAST ENTRANCE WY US',201208,68,589
COOP:489902,'YELLOWSTONE NATIONAL PARK EAST ENTRANCE WY US',201209,82,508
COOP:489902,'YELLOWSTONE NATIONAL PARK EAST ENTRANCE WY US',201210,313,364
COOP:489902,'YELLOWSTONE NATIONAL PARK EAST ENTRANCE WY US',201212,332,155
COOP:489902,'YELLOWSTONE NATIONAL PARK EAST ENTRANCE WY US',201301,85,155
COOP:489902,'YELLOWSTONE NATIONAL PARK EAST ENTRANCE WY US',201302,74,175
COOP:489902,'YELLOWSTONE NATIONAL PARK EAST ENTRANCE WY US',201305,188,444
COOP:489902,'YELLOWSTONE NATIONAL PARK EAST ENTRANCE WY US',201306,155,527
COOP:489902,'YELLOWSTONE NATIONAL PARK EAST ENTRANCE WY US',201307,145,613
COOP:489902,'YELLOWSTONE NATIONAL PARK EAST ENTRANCE WY US',201308,109,595
COOP:489902,'YELLOWSTONE NATIONAL PARK EAST ENTRANCE WY US',201309,511,506
COOP:489902,'YELLOWSTONE NATIONAL PARK EAST ENTRANCE WY US',201311,195,258
COOP:489902,'YELLOWSTONE NATIONAL PARK EAST ENTRANCE WY US',201312,269,153
COOP:489902,'YELLOWSTONE NATIONAL PARK EAST ENTRANCE WY US',201401,195,186
COOP:489902,'YELLOWSTONE NATIONAL PARK EAST ENTRANCE WY US',201402,359,152
COOP:489902,'YELLOWSTONE NATIONAL PARK EAST ENTRANCE WY US',201403,372,248
COOP:489902,'YELLOWSTONE NATIONAL PARK EAST ENTRANCE WY US',201405,79,437
COOP:489902,'YELLOWSTONE NATIONAL PARK EAST ENTRANCE WY US',201406,309,492
COOP:489902,'YELLOWSTONE NATIONAL PARK EAST ENTRANCE WY US',201407,132,583
COOP:489925,'YODER 2 WSW WY US',200001,68,316
COOP:489925,'YODER 2 WSW WY US',200002,65,380
COOP:489925,'YODER 2 WSW WY US',200003,102,404
COOP:489925,'YODER 2 WSW WY US',200004,195,484
COOP:489925,'YODER 2 WSW WY US',200005,165,598
COOP:489925,'YODER 2 WSW WY US',200006,204,660
COOP:489925,'YODER 2 WSW WY US',200007,63,742
COOP:489925,'YODER 2 WSW WY US',200008,123,744
COOP:489925,'YODER 2 WSW WY US',200009,200,619
COOP:489925,'YODER 2 WSW WY US',200010,70,505
COOP:489925,'YODER 2 WSW WY US',200011,125,274
COOP:489925,'YODER 2 WSW WY US',200012,28,255
COOP:489925,'YODER 2 WSW WY US',200101,20,293
COOP:489925,'YODER 2 WSW WY US',200102,76,273
COOP:489925,'YODER 2 WSW WY US',200103,27,388
COOP:489925,'YODER 2 WSW WY US',200104,273,463
COOP:489925,'YODER 2 WSW WY US',200105,184,579
COOP:489925,'YODER 2 WSW WY US',200106,65,673
COOP:489925,'YODER 2 WSW WY US',200107,115,760
COOP:489925,'YODER 2 WSW WY US',200108,40,728
COOP:489925,'YODER 2 WSW WY US',200109,204,638
COOP:489925,'YODER 2 WSW WY US',200110,130,497
COOP:489925,'YODER 2 WSW WY US',200111,55,390
COOP:489925,'YODER 2 WSW WY US',200112,8,311
COOP:489925,'YODER 2 WSW WY US',200201,8,311
COOP:489925,'YODER 2 WSW WY US',200202,8,315
COOP:489925,'YODER 2 WSW WY US',200203,94,309
COOP:489925,'YODER 2 WSW WY US',200204,44,488
COOP:489925,'YODER 2 WSW WY US',200205,124,556
COOP:489925,'YODER 2 WSW WY US',200206,65,712
COOP:489925,'YODER 2 WSW WY US',200207,100,774
COOP:489925,'YODER 2 WSW WY US',200208,155,715
COOP:489925,'YODER 2 WSW WY US',200209,215,639
COOP:489925,'YODER 2 WSW WY US',200210,92,430
COOP:489925,'YODER 2 WSW WY US',200211,20,372
COOP:489925,'YODER 2 WSW WY US',200212,5,351
COOP:489925,'YODER 2 WSW WY US',200301,19,362
COOP:489925,'YODER 2 WSW WY US',200302,72,260
COOP:489925,'YODER 2 WSW WY US',200303,350,392
COOP:489925,'YODER 2 WSW WY US',200304,188,503
COOP:489925,'YODER 2 WSW WY US',200305,150,572
COOP:489925,'YODER 2 WSW WY US',200306,432,623
COOP:489925,'YODER 2 WSW WY US',200307,140,767
COOP:489925,'YODER 2 WSW WY US',200308,228,740
COOP:489925,'YODER 2 WSW WY US',200309,130,594
COOP:489925,'YODER 2 WSW WY US',200310,30,527
COOP:489925,'YODER 2 WSW WY US',200311,88,357
COOP:489925,'YODER 2 WSW WY US',200312,42,313
COOP:489925,'YODER 2 WSW WY US',200401,10,305
COOP:489925,'YODER 2 WSW WY US',200402,45,311
COOP:489925,'YODER 2 WSW WY US',200403,32,449
COOP:489925,'YODER 2 WSW WY US',200404,137,487
COOP:489925,'YODER 2 WSW WY US',200405,179,582
COOP:489925,'YODER 2 WSW WY US',200406,138,659
COOP:489925,'YODER 2 WSW WY US',200407,304,714
COOP:489925,'YODER 2 WSW WY US',200408,13,677
COOP:489925,'YODER 2 WSW WY US',200409,333,624
COOP:489925,'YODER 2 WSW WY US',200410,58,502
COOP:489925,'YODER 2 WSW WY US',200411,103,361
COOP:489925,'YODER 2 WSW WY US',200412,5,325
COOP:489925,'YODER 2 WSW WY US',200501,63,317
COOP:489925,'YODER 2 WSW WY US',200502,7,367
COOP:489925,'YODER 2 WSW WY US',200503,30,406
COOP:489925,'YODER 2 WSW WY US',200504,123,470
COOP:489925,'YODER 2 WSW WY US',200505,227,545
COOP:489925,'YODER 2 WSW WY US',200506,473,669
COOP:489925,'YODER 2 WSW WY US',200507,298,761
COOP:489925,'YODER 2 WSW WY US',200508,254,702
COOP:489925,'YODER 2 WSW WY US',200509,25,649
COOP:489925,'YODER 2 WSW WY US',200510,197,514
COOP:489925,'YODER 2 WSW WY US',200511,10,415
COOP:489925,'YODER 2 WSW WY US',200603,187,336
COOP:489925,'YODER 2 WSW WY US',200604,49,502
COOP:489925,'YODER 2 WSW WY US',200605,163,572
COOP:489925,'YODER 2 WSW WY US',200606,139,710
COOP:489925,'YODER 2 WSW WY US',200607,131,772
COOP:489925,'YODER 2 WSW WY US',200608,139,727
COOP:489925,'YODER 2 WSW WY US',200609,117,567
COOP:489925,'YODER 2 WSW WY US',200610,40,474
COOP:489925,'YODER 2 WSW WY US',200611,0,356
COOP:489925,'YODER 2 WSW WY US',200612,175,310
COOP:489925,'YODER 2 WSW WY US',200701,20,234
COOP:489925,'YODER 2 WSW WY US',200702,25,292
COOP:489925,'YODER 2 WSW WY US',200703,168,440
COOP:489925,'YODER 2 WSW WY US',200704,192,451
COOP:489925,'YODER 2 WSW WY US',200705,220,567
COOP:489925,'YODER 2 WSW WY US',200706,9,681
COOP:489925,'YODER 2 WSW WY US',200707,90,766
COOP:489925,'YODER 2 WSW WY US',200708,142,750
COOP:489925,'YODER 2 WSW WY US',200709,80,651
COOP:489925,'YODER 2 WSW WY US',200710,270,539
COOP:489925,'YODER 2 WSW WY US',200711,15,400
COOP:489925,'YODER 2 WSW WY US',200712,110,261
COOP:489925,'YODER 2 WSW WY US',200801,7,262
COOP:489925,'YODER 2 WSW WY US',200802,36,324
COOP:489925,'YODER 2 WSW WY US',200803,49,398
COOP:489925,'YODER 2 WSW WY US',200804,94,466
COOP:489925,'YODER 2 WSW WY US',200805,300,542
COOP:489925,'YODER 2 WSW WY US',200806,155,650
COOP:489925,'YODER 2 WSW WY US',200807,133,744
COOP:489925,'YODER 2 WSW WY US',200808,206,701
COOP:489925,'YODER 2 WSW WY US',200809,141,594
COOP:489925,'YODER 2 WSW WY US',200810,53,493
COOP:489925,'YODER 2 WSW WY US',200811,55,428
COOP:489925,'YODER 2 WSW WY US',200812,6,279
COOP:489925,'YODER 2 WSW WY US',200901,33,307
COOP:489925,'YODER 2 WSW WY US',200902,70,342
COOP:489925,'YODER 2 WSW WY US',200903,97,388
COOP:489925,'YODER 2 WSW WY US',200904,377,445
COOP:489925,'YODER 2 WSW WY US',200905,314,577
COOP:489925,'YODER 2 WSW WY US',200906,341,641
COOP:489925,'YODER 2 WSW WY US',200907,239,693
COOP:489925,'YODER 2 WSW WY US',200909,35,624
COOP:489925,'YODER 2 WSW WY US',200910,253,407
COOP:489925,'YODER 2 WSW WY US',200911,35,420
COOP:489925,'YODER 2 WSW WY US',200912,43,214
COOP:489925,'YODER 2 WSW WY US',201001,0,298
COOP:489925,'YODER 2 WSW WY US',201002,73,271
COOP:489925,'YODER 2 WSW WY US',201003,144,409
COOP:489925,'YODER 2 WSW WY US',201004,354,467
COOP:489925,'YODER 2 WSW WY US',201005,748,530
COOP:489925,'YODER 2 WSW WY US',201006,410,659
COOP:489925,'YODER 2 WSW WY US',201007,200,720
COOP:489925,'YODER 2 WSW WY US',201008,12,727
COOP:489925,'YODER 2 WSW WY US',201009,7,644
COOP:482580,'DILLINGER WY US',200001,53,252
COOP:482580,'DILLINGER WY US',200002,57,309
COOP:482580,'DILLINGER WY US',200003,73,379
COOP:482580,'DILLINGER WY US',200004,301,442
COOP:482580,'DILLINGER WY US',200005,209,547
COOP:482580,'DILLINGER WY US',200006,134,619
COOP:482580,'DILLINGER WY US',200007,97,740
COOP:482580,'DILLINGER WY US',200008,30,730
COOP:482580,'DILLINGER WY US',200009,72,595
COOP:482580,'DILLINGER WY US',200010,36,465
COOP:482580,'DILLINGER WY US',200011,153,208
COOP:482580,'DILLINGER WY US',200012,24,156
COOP:482580,'DILLINGER WY US',200101,8,257
COOP:482580,'DILLINGER WY US',200102,30,167
COOP:482580,'DILLINGER WY US',200103,53,338
COOP:482580,'DILLINGER WY US',200104,215,453
COOP:482580,'DILLINGER WY US',200105,45,549
COOP:482580,'DILLINGER WY US',200106,299,638
COOP:482580,'DILLINGER WY US',200107,179,740
COOP:482580,'DILLINGER WY US',200108,64,733
COOP:482580,'DILLINGER WY US',200109,43,616
COOP:482580,'DILLINGER WY US',200110,116,460
COOP:482580,'DILLINGER WY US',200111,59,368
COOP:482580,'DILLINGER WY US',200112,10,246
COOP:482580,'DILLINGER WY US',200201,13,237
COOP:482580,'DILLINGER WY US',200202,83,280
COOP:482580,'DILLINGER WY US',200203,92,233
COOP:482580,'DILLINGER WY US',200204,166,422
COOP:482580,'DILLINGER WY US',200205,241,503
COOP:482580,'DILLINGER WY US',200206,94,665
COOP:482580,'DILLINGER WY US',200208,317,680
COOP:482580,'DILLINGER WY US',200209,130,596
COOP:482580,'DILLINGER WY US',200210,84,388
COOP:482580,'DILLINGER WY US',200211,25,336
COOP:482580,'DILLINGER WY US',200212,13,288
COOP:482580,'DILLINGER WY US',200301,59,275
COOP:482580,'DILLINGER WY US',200302,74,214
COOP:482580,'DILLINGER WY US',200303,146,304
COOP:482580,'DILLINGER WY US',200304,201,475
COOP:482580,'DILLINGER WY US',200305,74,534
COOP:482580,'DILLINGER WY US',200308,40,755
COOP:482580,'DILLINGER WY US',200309,199,568
COOP:482580,'DILLINGER WY US',200310,37,503
COOP:482580,'DILLINGER WY US',200311,80,262
COOP:482580,'DILLINGER WY US',200312,64,275
COOP:482580,'DILLINGER WY US',200401,32,227
COOP:482580,'DILLINGER WY US',200402,69,280
COOP:482580,'DILLINGER WY US',200403,30,365
COOP:482580,'DILLINGER WY US',200404,111,459
COOP:482580,'DILLINGER WY US',200405,179,533
COOP:482580,'DILLINGER WY US',200406,59,612
COOP:482580,'DILLINGER WY US',200407,248,705
COOP:482580,'DILLINGER WY US',200408,31,654
COOP:482580,'DILLINGER WY US',200409,73,595
COOP:482580,'DILLINGER WY US',200411,38,344
COOP:482580,'DILLINGER WY US',200412,17,285
COOP:482580,'DILLINGER WY US',200501,57,227
COOP:482580,'DILLINGER WY US',200502,38,308
COOP:482580,'DILLINGER WY US',200503,133,359
COOP:482580,'DILLINGER WY US',200504,253,447
COOP:482580,'DILLINGER WY US',200505,340,510
COOP:482580,'DILLINGER WY US',200506,216,634
COOP:482580,'DILLINGER WY US',200507,49,745
COOP:482580,'DILLINGER WY US',200508,315,674
COOP:482580,'DILLINGER WY US',200509,50,612
COOP:482580,'DILLINGER WY US',200510,154,478
COOP:482580,'DILLINGER WY US',200511,50,368
COOP:482580,'DILLINGER WY US',200512,50,218
COOP:482580,'DILLINGER WY US',200601,29,339
COOP:482580,'DILLINGER WY US',200602,24,243
COOP:482580,'DILLINGER WY US',200603,75,341
COOP:482580,'DILLINGER WY US',200604,141,474
COOP:482580,'DILLINGER WY US',200606,178,678
COOP:482580,'DILLINGER WY US',200607,37,764
COOP:482580,'DILLINGER WY US',200608,90,697
COOP:482580,'DILLINGER WY US',200609,124,558
COOP:482580,'DILLINGER WY US',200610,75,431
COOP:482580,'DILLINGER WY US',200611,129,336
COOP:482580,'DILLINGER WY US',200612,15,270
COOP:482580,'DILLINGER WY US',200701,15,205
COOP:482580,'DILLINGER WY US',200702,58,219
COOP:482580,'DILLINGER WY US',200703,280,403
COOP:482580,'DILLINGER WY US',200704,127,423
COOP:482580,'DILLINGER WY US',200705,408,560
COOP:482580,'DILLINGER WY US',200706,133,650
COOP:482580,'DILLINGER WY US',200707,53,766
COOP:482580,'DILLINGER WY US',200708,74,727
COOP:482580,'DILLINGER WY US',200709,41,611
COOP:482580,'DILLINGER WY US',200710,93,481
COOP:482580,'DILLINGER WY US',200711,33,340
COOP:482580,'DILLINGER WY US',200712,91,194
COOP:482580,'DILLINGER WY US',200801,100,175
COOP:482580,'DILLINGER WY US',200802,36,241
COOP:482580,'DILLINGER WY US',200803,113,338
COOP:482580,'DILLINGER WY US',200804,58,407
COOP:482580,'DILLINGER WY US',200805,734,503
COOP:482580,'DILLINGER WY US',200806,331,599
COOP:482580,'DILLINGER WY US',200807,127,710
COOP:482580,'DILLINGER WY US',200808,31,702
COOP:482580,'DILLINGER WY US',200809,186,558
COOP:482580,'DILLINGER WY US',200810,195,445
COOP:482580,'DILLINGER WY US',200811,46,370
COOP:482580,'DILLINGER WY US',200901,72,250
COOP:482580,'DILLINGER WY US',200902,25,298
COOP:482580,'DILLINGER WY US',200903,278,330
COOP:482580,'DILLINGER WY US',200904,308,401
COOP:482580,'DILLINGER WY US',200905,61,530
COOP:482580,'DILLINGER WY US',200906,228,599
COOP:482580,'DILLINGER WY US',200907,198,676
COOP:482580,'DILLINGER WY US',200908,225,671
COOP:482580,'DILLINGER WY US',200909,24,622
COOP:482580,'DILLINGER WY US',200910,202,367
COOP:482580,'DILLINGER WY US',200911,5,380
COOP:482580,'DILLINGER WY US',200912,63,147
COOP:482580,'DILLINGER WY US',201001,15,240
COOP:482580,'DILLINGER WY US',201002,22,232
COOP:482580,'DILLINGER WY US',201003,44,396
COOP:482580,'DILLINGER WY US',201004,238,437
COOP:482580,'DILLINGER WY US',201005,388,488
COOP:482580,'DILLINGER WY US',201006,250,614
COOP:482580,'DILLINGER WY US',201007,179,697
COOP:482580,'DILLINGER WY US',201008,95,708
COOP:482580,'DILLINGER WY US',201009,20,594
COOP:482580,'DILLINGER WY US',201010,59,512
COOP:482580,'DILLINGER WY US',201011,119,307
COOP:482580,'DILLINGER WY US',201012,79,227
COOP:482580,'DILLINGER WY US',201102,74,164
COOP:482580,'DILLINGER WY US',201103,95,336
COOP:482580,'DILLINGER WY US',201104,237,418
COOP:482580,'DILLINGER WY US',201105,744,479
COOP:482580,'DILLINGER WY US',201106,150,617
COOP:482580,'DILLINGER WY US',201107,37,740
COOP:482580,'DILLINGER WY US',201108,95,718
COOP:482580,'DILLINGER WY US',201109,117,597
COOP:482580,'DILLINGER WY US',201110,112,483
COOP:482580,'DILLINGER WY US',201111,130,314
COOP:482580,'DILLINGER WY US',201112,36,252
COOP:482580,'DILLINGER WY US',201201,53,260
COOP:482580,'DILLINGER WY US',201202,137,251
COOP:482580,'DILLINGER WY US',201203,5,448
COOP:482580,'DILLINGER WY US',201208,12,710
COOP:482580,'DILLINGER WY US',201209,14,611
COOP:482580,'DILLINGER WY US',201210,99,435
COOP:482580,'DILLINGER WY US',201211,38,370
COOP:482580,'DILLINGER WY US',201212,12,241
COOP:482580,'DILLINGER WY US',201301,28,232
COOP:482580,'DILLINGER WY US',201302,46,254
COOP:482580,'DILLINGER WY US',201303,57,339
COOP:482580,'DILLINGER WY US',201304,175,332
COOP:482580,'DILLINGER WY US',201306,218,633
COOP:482580,'DILLINGER WY US',201307,127,729
COOP:482580,'DILLINGER WY US',201308,162,719
COOP:482580,'DILLINGER WY US',201309,99,632
COOP:482580,'DILLINGER WY US',201310,382,419
COOP:482580,'DILLINGER WY US',201311,19,336
COOP:482580,'DILLINGER WY US',201312,28,186
COOP:482580,'DILLINGER WY US',201401,40,255
COOP:482580,'DILLINGER WY US',201402,33,170
COOP:482580,'DILLINGER WY US',201403,99,335
COOP:482580,'DILLINGER WY US',201404,111,434
COOP:482580,'DILLINGER WY US',201405,180,529
COOP:482580,'DILLINGER WY US',201406,374,599
COOP:482580,'DILLINGER WY US',201407,99,703
COOP:482595,'DIVERSION DAM WY US',200001,0,275
COOP:482595,'DIVERSION DAM WY US',200002,41,306
COOP:482595,'DIVERSION DAM WY US',200003,78,364
COOP:482595,'DIVERSION DAM WY US',200004,38,442
COOP:482595,'DIVERSION DAM WY US',200005,112,534
COOP:482595,'DIVERSION DAM WY US',200006,60,596
COOP:482595,'DIVERSION DAM WY US',200007,45,685
COOP:482595,'DIVERSION DAM WY US',200008,41,679
COOP:482595,'DIVERSION DAM WY US',200009,55,534
COOP:482595,'DIVERSION DAM WY US',200011,23,148
COOP:482595,'DIVERSION DAM WY US',200012,0,186
COOP:482595,'DIVERSION DAM WY US',200101,2,201
COOP:482595,'DIVERSION DAM WY US',200102,32,175
COOP:482595,'DIVERSION DAM WY US',200103,23,352
COOP:482595,'DIVERSION DAM WY US',200105,180,540
COOP:482595,'DIVERSION DAM WY US',200106,35,613
COOP:482595,'DIVERSION DAM WY US',200107,121,694
COOP:482595,'DIVERSION DAM WY US',200108,69,680
COOP:482595,'DIVERSION DAM WY US',200109,48,595
COOP:482595,'DIVERSION DAM WY US',200110,5,458
COOP:482595,'DIVERSION DAM WY US',200111,55,334
COOP:482595,'DIVERSION DAM WY US',200112,13,218
COOP:482595,'DIVERSION DAM WY US',200201,22,213
COOP:482595,'DIVERSION DAM WY US',200202,0,213
COOP:482595,'DIVERSION DAM WY US',200203,58,268
COOP:482595,'DIVERSION DAM WY US',200204,56,415
COOP:482595,'DIVERSION DAM WY US',200205,136,495
COOP:482595,'DIVERSION DAM WY US',200206,19,611
COOP:482595,'DIVERSION DAM WY US',200207,152,702
COOP:482595,'DIVERSION DAM WY US',200208,64,615
COOP:482595,'DIVERSION DAM WY US',200209,33,555
COOP:482595,'DIVERSION DAM WY US',200210,134,377
COOP:482595,'DIVERSION DAM WY US',200211,63,288
COOP:482595,'DIVERSION DAM WY US',200212,20,222
COOP:482595,'DIVERSION DAM WY US',200301,17,293
COOP:482595,'DIVERSION DAM WY US',200302,60,188
COOP:482595,'DIVERSION DAM WY US',200303,32,353
COOP:482595,'DIVERSION DAM WY US',200304,23,450
COOP:482595,'DIVERSION DAM WY US',200305,187,515
COOP:482595,'DIVERSION DAM WY US',200306,173,576
COOP:482595,'DIVERSION DAM WY US',200307,10,705
COOP:482595,'DIVERSION DAM WY US',200402,110,203
COOP:482595,'DIVERSION DAM WY US',200403,0,366
COOP:482595,'DIVERSION DAM WY US',200404,224,437
COOP:482595,'DIVERSION DAM WY US',200405,43,504
COOP:482595,'DIVERSION DAM WY US',200406,175,578
COOP:482595,'DIVERSION DAM WY US',200407,86,653
COOP:482595,'DIVERSION DAM WY US',200408,123,621
COOP:482595,'DIVERSION DAM WY US',200409,112,558
COOP:482595,'DIVERSION DAM WY US',200410,57,469
COOP:482595,'DIVERSION DAM WY US',200411,30,295
COOP:482595,'DIVERSION DAM WY US',200412,0,245
COOP:482595,'DIVERSION DAM WY US',200501,4,258
COOP:482595,'DIVERSION DAM WY US',200503,28,334
COOP:482595,'DIVERSION DAM WY US',200504,184,409
COOP:482595,'DIVERSION DAM WY US',200505,398,488
COOP:482595,'DIVERSION DAM WY US',200506,73,579
COOP:482595,'DIVERSION DAM WY US',200507,20,685
COOP:482595,'DIVERSION DAM WY US',200508,124,635
COOP:482595,'DIVERSION DAM WY US',200509,55,551
COOP:482595,'DIVERSION DAM WY US',200510,183,466
COOP:482595,'DIVERSION DAM WY US',200601,0,296
COOP:482595,'DIVERSION DAM WY US',200602,21,252
COOP:482595,'DIVERSION DAM WY US',200605,2,549
COOP:482595,'DIVERSION DAM WY US',200606,11,649
COOP:482595,'DIVERSION DAM WY US',200607,34,727
COOP:482595,'DIVERSION DAM WY US',200608,60,660
COOP:482595,'DIVERSION DAM WY US',200609,84,548
COOP:482595,'DIVERSION DAM WY US',200610,115,439
COOP:482595,'DIVERSION DAM WY US',200611,24,346
COOP:482595,'DIVERSION DAM WY US',200612,0,247
COOP:482595,'DIVERSION DAM WY US',200701,17,142
COOP:482595,'DIVERSION DAM WY US',200702,5,306
COOP:482595,'DIVERSION DAM WY US',200703,78,416
COOP:482595,'DIVERSION DAM WY US',200704,2,446
COOP:482595,'DIVERSION DAM WY US',200705,154,540
COOP:482595,'DIVERSION DAM WY US',200706,91,636
COOP:482595,'DIVERSION DAM WY US',200707,121,721
COOP:482595,'DIVERSION DAM WY US',200708,144,673
COOP:482595,'DIVERSION DAM WY US',200709,72,579
COOP:482595,'DIVERSION DAM WY US',200710,124,476
COOP:482595,'DIVERSION DAM WY US',200711,5,351
COOP:482595,'DIVERSION DAM WY US',200712,95,160
COOP:482595,'DIVERSION DAM WY US',200801,14,161
COOP:482595,'DIVERSION DAM WY US',200802,28,269
COOP:482595,'DIVERSION DAM WY US',200803,24,325
COOP:482595,'DIVERSION DAM WY US',200804,9,400
COOP:482595,'DIVERSION DAM WY US',200805,401,497
COOP:482595,'DIVERSION DAM WY US',200806,90,587
COOP:482595,'DIVERSION DAM WY US',200807,2,690
COOP:482595,'DIVERSION DAM WY US',200808,40,662
COOP:482595,'DIVERSION DAM WY US',200809,53,545
COOP:482595,'DIVERSION DAM WY US',200810,137,435
COOP:482595,'DIVERSION DAM WY US',200811,0,373
COOP:482595,'DIVERSION DAM WY US',200812,20,221
COOP:482595,'DIVERSION DAM WY US',200901,20,287
COOP:482595,'DIVERSION DAM WY US',200902,0,298
COOP:482595,'DIVERSION DAM WY US',200903,95,318
COOP:482595,'DIVERSION DAM WY US',200904,101,424
COOP:482595,'DIVERSION DAM WY US',200905,60,534
COOP:482595,'DIVERSION DAM WY US',200907,146,655
COOP:482595,'DIVERSION DAM WY US',200908,51,643
COOP:482595,'DIVERSION DAM WY US',200909,5,608
COOP:482595,'DIVERSION DAM WY US',200910,110,373
COOP:482595,'DIVERSION DAM WY US',200911,0,340
COOP:482595,'DIVERSION DAM WY US',201001,17,169
COOP:482595,'DIVERSION DAM WY US',201002,32,216
COOP:482595,'DIVERSION DAM WY US',201003,92,371
COOP:482595,'DIVERSION DAM WY US',201004,221,426
COOP:482595,'DIVERSION DAM WY US',201006,119,588
COOP:482595,'DIVERSION DAM WY US',201007,21,672
COOP:482595,'DIVERSION DAM WY US',201008,68,658
COOP:482595,'DIVERSION DAM WY US',201009,5,586
COOP:482595,'DIVERSION DAM WY US',201010,21,490
COOP:482595,'DIVERSION DAM WY US',201011,55,311
COOP:482595,'DIVERSION DAM WY US',201012,25,251
COOP:482595,'DIVERSION DAM WY US',201101,17,248
COOP:482595,'DIVERSION DAM WY US',201102,47,183
COOP:482595,'DIVERSION DAM WY US',201106,25,589
COOP:482595,'DIVERSION DAM WY US',201107,0,693
COOP:482595,'DIVERSION DAM WY US',201109,68,595
COOP:482595,'DIVERSION DAM WY US',201110,162,480
COOP:482595,'DIVERSION DAM WY US',201111,28,306
COOP:482595,'DIVERSION DAM WY US',201311,12,302
COOP:482595,'DIVERSION DAM WY US',201406,113,583
COOP:482595,'DIVERSION DAM WY US',201407,60,683
COOP:488626,'STORY WY US',200103,194,319
COOP:488626,'STORY WY US',200104,197,403
COOP:488626,'STORY WY US',200105,252,528
COOP:488626,'STORY WY US',200106,353,582
COOP:488626,'STORY WY US',200107,64,688
COOP:488626,'STORY WY US',200108,1,688
COOP:488626,'STORY WY US',200109,264,582
COOP:488626,'STORY WY US',200110,505,424
COOP:488626,'STORY WY US',200111,209,385
COOP:488626,'STORY WY US',200112,83,256
COOP:488626,'STORY WY US',200201,91,239
COOP:488626,'STORY WY US',200202,87,271
COOP:488626,'STORY WY US',200203,218,204
COOP:488626,'STORY WY US',200204,250,358
COOP:488626,'STORY WY US',200205,230,462
COOP:488626,'STORY WY US',200206,88,597
COOP:488626,'STORY WY US',200207,261,699
COOP:488626,'STORY WY US',200208,73,606
COOP:488626,'STORY WY US',200209,241,555
COOP:488626,'STORY WY US',200210,371,350
COOP:488626,'STORY WY US',200211,153,336
COOP:488626,'STORY WY US',200212,21,292
COOP:488626,'STORY WY US',200301,76,291
COOP:488626,'STORY WY US',200302,168,221
COOP:488626,'STORY WY US',200303,153,291
COOP:488626,'STORY WY US',200304,267,449
COOP:488626,'STORY WY US',200305,443,479
COOP:488626,'STORY WY US',200306,385,549
COOP:488626,'STORY WY US',200307,7,684
COOP:488626,'STORY WY US',200308,58,691
COOP:488626,'STORY WY US',200309,242,530
COOP:488626,'STORY WY US',200310,164,499
COOP:488626,'STORY WY US',200312,45,264
COOP:488626,'STORY WY US',200401,17,237
COOP:488626,'STORY WY US',200402,222,278
COOP:488626,'STORY WY US',200403,82,375
COOP:488626,'STORY WY US',200404,221,432
COOP:488626,'STORY WY US',200405,109,486
COOP:488626,'STORY WY US',200406,191,564
COOP:488626,'STORY WY US',200407,312,643
COOP:488626,'STORY WY US',200408,215,606
COOP:488626,'STORY WY US',200409,229,542
COOP:488626,'STORY WY US',200410,334,443
COOP:488626,'STORY WY US',200411,78,350
COOP:488626,'STORY WY US',200412,102,302
COOP:488626,'STORY WY US',200501,42,248
COOP:488626,'STORY WY US',200502,49,291
COOP:488626,'STORY WY US',200503,166,340
COOP:488626,'STORY WY US',200504,512,408
COOP:488626,'STORY WY US',200505,899,458
COOP:488626,'STORY WY US',200506,351,574
COOP:488626,'STORY WY US',200507,190,668
COOP:488626,'STORY WY US',200508,186,617
COOP:488626,'STORY WY US',200509,119,552
COOP:488626,'STORY WY US',200510,371,449
COOP:488626,'STORY WY US',200511,182,344
COOP:488626,'STORY WY US',200512,49,223
COOP:488626,'STORY WY US',200601,59,334
COOP:488626,'STORY WY US',200602,123,222
COOP:488626,'STORY WY US',200603,151,308
COOP:488626,'STORY WY US',200604,208,436
COOP:488626,'STORY WY US',200605,251,494
COOP:488626,'STORY WY US',200606,179,598
COOP:488626,'STORY WY US',200607,25,702
COOP:488626,'STORY WY US',200608,22,652
COOP:488626,'STORY WY US',200609,569,514
COOP:488626,'STORY WY US',200610,316,402
COOP:488626,'STORY WY US',200611,121,329
COOP:488626,'STORY WY US',200612,86,283
COOP:488626,'STORY WY US',200701,107,214
COOP:488626,'STORY WY US',200702,146,216
COOP:488626,'STORY WY US',200703,365,370
COOP:488626,'STORY WY US',200704,254,377
COOP:488626,'STORY WY US',200705,687,510
COOP:488626,'STORY WY US',200706,612,593
COOP:488626,'STORY WY US',200707,72,702
COOP:488626,'STORY WY US',200708,57,658
COOP:488626,'STORY WY US',200709,170,554
COOP:488626,'STORY WY US',200710,514,453
COOP:488626,'STORY WY US',200711,40,339
COOP:488626,'STORY WY US',200712,111,223
COOP:488626,'STORY WY US',200801,121,211
COOP:488626,'STORY WY US',200802,119,249
COOP:488626,'STORY WY US',200803,266,296
COOP:488626,'STORY WY US',200804,205,357
COOP:488626,'STORY WY US',200805,838,465
COOP:488626,'STORY WY US',200806,164,549
COOP:488626,'STORY WY US',200807,163,652
COOP:488626,'STORY WY US',200808,88,648
COOP:488626,'STORY WY US',200809,229,519
COOP:488626,'STORY WY US',200810,193,438
COOP:488626,'STORY WY US',200811,234,386
COOP:488626,'STORY WY US',200812,151,168
COOP:488626,'STORY WY US',200901,197,264
COOP:488626,'STORY WY US',200902,33,283
COOP:488626,'STORY WY US',200903,285,286
COOP:488626,'STORY WY US',200904,231,376
COOP:488626,'STORY WY US',200905,107,495
COOP:488626,'STORY WY US',200906,341,538
COOP:488626,'STORY WY US',200907,306,629
COOP:488626,'STORY WY US',200908,176,602
COOP:488626,'STORY WY US',200909,40,588
COOP:488626,'STORY WY US',200910,442,331
COOP:488626,'STORY WY US',200911,70,371
COOP:488626,'STORY WY US',200912,69,157
COOP:488626,'STORY WY US',201001,20,256
COOP:488626,'STORY WY US',201002,56,215
COOP:488626,'STORY WY US',201003,131,364
COOP:488626,'STORY WY US',201004,346,397
COOP:488626,'STORY WY US',201005,621,443
COOP:488626,'STORY WY US',201006,294,562
COOP:488626,'STORY WY US',201007,184,637
COOP:488626,'STORY WY US',201008,156,639
COOP:488626,'STORY WY US',201009,66,548
COOP:488626,'STORY WY US',201010,148,496
COOP:488626,'STORY WY US',201011,82,285
COOP:488626,'STORY WY US',201012,98,253
COOP:488626,'STORY WY US',201101,134,240
COOP:488626,'STORY WY US',201102,68,179
COOP:488626,'STORY WY US',201103,211,316
COOP:488626,'STORY WY US',201104,418,367
COOP:488626,'STORY WY US',201105,1009,434
COOP:488626,'STORY WY US',201106,202,565
COOP:488626,'STORY WY US',201107,80,673
COOP:488626,'STORY WY US',201108,114,662
COOP:488626,'STORY WY US',201109,23,576
COOP:488626,'STORY WY US',201110,514,463
COOP:488626,'STORY WY US',201111,208,310
COOP:488626,'STORY WY US',201112,209,259
COOP:488626,'STORY WY US',201201,72,275
COOP:488626,'STORY WY US',201202,152,234
COOP:488626,'STORY WY US',201203,75,404
COOP:488626,'STORY WY US',201204,285,444
COOP:488626,'STORY WY US',201205,301,482
COOP:488626,'STORY WY US',201206,60,608
COOP:488626,'STORY WY US',201207,200,708
COOP:488626,'STORY WY US',201208,47,655
COOP:488626,'STORY WY US',201209,25,581
COOP:488626,'STORY WY US',201210,208,405
COOP:488626,'STORY WY US',201211,112,350
COOP:488626,'STORY WY US',201212,35,254
COOP:488626,'STORY WY US',201301,114,257
COOP:488626,'STORY WY US',201302,198,242
COOP:488626,'STORY WY US',201303,94,299
COOP:488626,'STORY WY US',201304,392,344
COOP:488626,'STORY WY US',201305,608,504
COOP:488626,'STORY WY US',201306,134,579
COOP:488626,'STORY WY US',201307,170,661
COOP:488626,'STORY WY US',201308,31,672
COOP:488626,'STORY WY US',201309,422,579
COOP:488626,'STORY WY US',201310,492,397
COOP:488626,'STORY WY US',201311,69,325
COOP:488626,'STORY WY US',201312,146,196
COOP:488626,'STORY WY US',201401,133,277
COOP:488626,'STORY WY US',201402,186,172
COOP:488626,'STORY WY US',201403,259,292
COOP:488626,'STORY WY US',201404,261,387
COOP:488626,'STORY WY US',201405,359,490
COOP:488626,'STORY WY US',201406,332,546
COOP:488626,'STORY WY US',201407,56,647
COOP:487105,'PATHFINDER DAM WY US',200809,103,573
COOP:487105,'PATHFINDER DAM WY US',200811,11,399
COOP:487105,'PATHFINDER DAM WY US',200812,30,228
COOP:487105,'PATHFINDER DAM WY US',200901,126,262
COOP:487105,'PATHFINDER DAM WY US',200902,64,305
COOP:487105,'PATHFINDER DAM WY US',200903,130,345
COOP:487105,'PATHFINDER DAM WY US',200904,331,404
COOP:487105,'PATHFINDER DAM WY US',200905,126,539
COOP:487105,'PATHFINDER DAM WY US',200906,115,601
COOP:487105,'PATHFINDER DAM WY US',200907,211,680
COOP:487105,'PATHFINDER DAM WY US',200908,31,669
COOP:487105,'PATHFINDER DAM WY US',200909,115,617
COOP:487105,'PATHFINDER DAM WY US',200910,191,379
COOP:487105,'PATHFINDER DAM WY US',200911,6,393
COOP:487105,'PATHFINDER DAM WY US',201001,9,254
COOP:487105,'PATHFINDER DAM WY US',201002,36,242
COOP:487105,'PATHFINDER DAM WY US',201003,246,365
COOP:487105,'PATHFINDER DAM WY US',201004,134,421
COOP:487105,'PATHFINDER DAM WY US',201005,180,474
COOP:487105,'PATHFINDER DAM WY US',201006,254,620
COOP:487105,'PATHFINDER DAM WY US',201007,83,702
COOP:487105,'PATHFINDER DAM WY US',201008,71,696
COOP:487105,'PATHFINDER DAM WY US',201009,1,625
COOP:487105,'PATHFINDER DAM WY US',201010,79,527
COOP:487105,'PATHFINDER DAM WY US',201011,50,348
COOP:487105,'PATHFINDER DAM WY US',201012,138,283
COOP:487105,'PATHFINDER DAM WY US',201103,44,355
COOP:487105,'PATHFINDER DAM WY US',201104,177,416
COOP:487105,'PATHFINDER DAM WY US',201106,137,612
COOP:487105,'PATHFINDER DAM WY US',201107,42,727
COOP:487105,'PATHFINDER DAM WY US',201108,51,727
COOP:487105,'PATHFINDER DAM WY US',201109,5,618
COOP:487105,'PATHFINDER DAM WY US',201112,30,235
COOP:487105,'PATHFINDER DAM WY US',201201,99,280
COOP:487105,'PATHFINDER DAM WY US',201202,95,231
COOP:487105,'PATHFINDER DAM WY US',201203,16,421
COOP:487105,'PATHFINDER DAM WY US',201204,73,484
COOP:487105,'PATHFINDER DAM WY US',201205,128,545
COOP:487105,'PATHFINDER DAM WY US',201206,18,686
COOP:487105,'PATHFINDER DAM WY US',201207,56,750
COOP:487105,'PATHFINDER DAM WY US',201208,1,721
COOP:487105,'PATHFINDER DAM WY US',201209,56,630
COOP:487105,'PATHFINDER DAM WY US',201210,68,464
COOP:487105,'PATHFINDER DAM WY US',201211,8,410
COOP:487105,'PATHFINDER DAM WY US',201212,4,274
COOP:487105,'PATHFINDER DAM WY US',201301,27,237
COOP:487105,'PATHFINDER DAM WY US',201302,106,233
COOP:487105,'PATHFINDER DAM WY US',201303,28,348
COOP:487105,'PATHFINDER DAM WY US',201304,96,372
COOP:487105,'PATHFINDER DAM WY US',201305,91,546
COOP:487105,'PATHFINDER DAM WY US',201306,1,668
COOP:487105,'PATHFINDER DAM WY US',201307,127,729
COOP:487105,'PATHFINDER DAM WY US',201308,40,726
COOP:487105,'PATHFINDER DAM WY US',201309,176,629
COOP:487105,'PATHFINDER DAM WY US',201310,338,429
COOP:487105,'PATHFINDER DAM WY US',201311,15,348
COOP:487105,'PATHFINDER DAM WY US',201312,92,201
COOP:487105,'PATHFINDER DAM WY US',201401,25,224
COOP:487105,'PATHFINDER DAM WY US',201402,25,215
COOP:487105,'PATHFINDER DAM WY US',201403,191,351
COOP:487105,'PATHFINDER DAM WY US',201404,54,440
COOP:487105,'PATHFINDER DAM WY US',201405,208,535
COOP:487105,'PATHFINDER DAM WY US',201406,80,607
COOP:487105,'PATHFINDER DAM WY US',201407,76,715
COOP:487115,'PAVILLION WY US',200002,5,328
COOP:487115,'PAVILLION WY US',200003,5,375
COOP:487115,'PAVILLION WY US',200004,0,473
COOP:487115,'PAVILLION WY US',200005,100,568
COOP:487115,'PAVILLION WY US',200006,18,613
COOP:487115,'PAVILLION WY US',200007,0,702
COOP:487115,'PAVILLION WY US',200008,20,701
COOP:487115,'PAVILLION WY US',200009,10,554
COOP:487115,'PAVILLION WY US',200010,0,440
COOP:487115,'PAVILLION WY US',200011,15,133
COOP:487115,'PAVILLION WY US',200012,4,154
COOP:487115,'PAVILLION WY US',200101,8,164
COOP:487115,'PAVILLION WY US',200102,7,177
COOP:487115,'PAVILLION WY US',200103,0,355
COOP:487115,'PAVILLION WY US',200104,0,449
COOP:487115,'PAVILLION WY US',200105,85,559
COOP:487115,'PAVILLION WY US',200106,40,643
COOP:487115,'PAVILLION WY US',200107,162,723
COOP:487115,'PAVILLION WY US',200108,20,701
COOP:487115,'PAVILLION WY US',200109,4,617
COOP:487115,'PAVILLION WY US',200110,0,450
COOP:487115,'PAVILLION WY US',200111,125,315
COOP:487115,'PAVILLION WY US',200112,3,190
COOP:487115,'PAVILLION WY US',200201,15,191
COOP:487115,'PAVILLION WY US',200202,20,228
COOP:487115,'PAVILLION WY US',200203,83,273
COOP:487115,'PAVILLION WY US',200204,90,431
COOP:487115,'PAVILLION WY US',200205,107,513
COOP:487115,'PAVILLION WY US',200206,44,636
COOP:487115,'PAVILLION WY US',200207,145,728
COOP:487115,'PAVILLION WY US',200208,30,636
COOP:487115,'PAVILLION WY US',200209,65,573
COOP:487115,'PAVILLION WY US',200210,107,380
COOP:487115,'PAVILLION WY US',200211,70,277
COOP:487115,'PAVILLION WY US',200212,70,183
COOP:487115,'PAVILLION WY US',200301,0,283
COOP:487115,'PAVILLION WY US',200302,70,162
COOP:487115,'PAVILLION WY US',200303,43,351
COOP:487115,'PAVILLION WY US',200304,20,472
COOP:487115,'PAVILLION WY US',200306,253,604
COOP:487115,'PAVILLION WY US',200307,0,748
COOP:487115,'PAVILLION WY US',200308,100,722
COOP:487115,'PAVILLION WY US',200309,70,556
COOP:487115,'PAVILLION WY US',200311,0,245
COOP:487115,'PAVILLION WY US',200312,60,220
COOP:487115,'PAVILLION WY US',200401,25,164
COOP:487115,'PAVILLION WY US',200402,150,208
COOP:487115,'PAVILLION WY US',200403,0,367
COOP:487115,'PAVILLION WY US',200404,189,453
COOP:487115,'PAVILLION WY US',200405,45,527
COOP:487115,'PAVILLION WY US',200406,111,589
COOP:487115,'PAVILLION WY US',200407,234,675
COOP:487115,'PAVILLION WY US',200408,98,630
COOP:487115,'PAVILLION WY US',200410,64,451
COOP:487115,'PAVILLION WY US',200411,34,309
COOP:487115,'PAVILLION WY US',200412,5,238
COOP:487115,'PAVILLION WY US',200501,42,232
COOP:487115,'PAVILLION WY US',200503,23,358
COOP:487115,'PAVILLION WY US',200504,157,432
COOP:487115,'PAVILLION WY US',200505,400,510
COOP:487115,'PAVILLION WY US',200506,65,591
COOP:487115,'PAVILLION WY US',200507,85,712
COOP:487115,'PAVILLION WY US',200508,12,661
COOP:487115,'PAVILLION WY US',200509,84,604
COOP:487115,'PAVILLION WY US',200510,180,487
COOP:487115,'PAVILLION WY US',200511,14,351
COOP:487115,'PAVILLION WY US',200512,33,210
COOP:487115,'PAVILLION WY US',200601,34,288
COOP:487115,'PAVILLION WY US',200603,11,353
COOP:487115,'PAVILLION WY US',200604,29,472
COOP:487115,'PAVILLION WY US',200605,10,564
COOP:487115,'PAVILLION WY US',200606,8,676
COOP:487115,'PAVILLION WY US',200607,12,747
COOP:487115,'PAVILLION WY US',200608,59,687
COOP:487115,'PAVILLION WY US',200609,47,571
COOP:487115,'PAVILLION WY US',200610,92,443
COOP:487115,'PAVILLION WY US',200611,33,356
COOP:487115,'PAVILLION WY US',200701,20,158
COOP:487115,'PAVILLION WY US',200702,3,313
COOP:487115,'PAVILLION WY US',200703,39,424
COOP:487115,'PAVILLION WY US',200704,0,456
COOP:487115,'PAVILLION WY US',200705,95,553
COOP:487115,'PAVILLION WY US',200706,81,664
COOP:487115,'PAVILLION WY US',200707,83,747
COOP:487115,'PAVILLION WY US',200708,106,695
COOP:487115,'PAVILLION WY US',200709,60,606
COOP:487115,'PAVILLION WY US',200710,107,479
COOP:487115,'PAVILLION WY US',200711,10,347
COOP:487115,'PAVILLION WY US',200712,77,145
COOP:487115,'PAVILLION WY US',200801,48,136
COOP:487115,'PAVILLION WY US',200802,7,281
COOP:487115,'PAVILLION WY US',200803,6,345
COOP:487115,'PAVILLION WY US',200804,44,411
COOP:487115,'PAVILLION WY US',200805,367,503
COOP:487115,'PAVILLION WY US',200806,41,609
COOP:487115,'PAVILLION WY US',200807,59,708
COOP:487115,'PAVILLION WY US',200810,148,459
COOP:487115,'PAVILLION WY US',200901,31,267
COOP:487115,'PAVILLION WY US',200902,0,313
COOP:487115,'PAVILLION WY US',200903,56,327
COOP:487115,'PAVILLION WY US',200904,175,435
COOP:487115,'PAVILLION WY US',200906,223,590
COOP:487115,'PAVILLION WY US',200907,105,673
COOP:487115,'PAVILLION WY US',200908,67,663
COOP:487115,'PAVILLION WY US',200909,42,623
COOP:487115,'PAVILLION WY US',200910,41,385
COOP:487115,'PAVILLION WY US',200911,0,339
COOP:487115,'PAVILLION WY US',200912,21,120
COOP:487115,'PAVILLION WY US',201001,14,185
COOP:487115,'PAVILLION WY US',201002,27,235
COOP:487115,'PAVILLION WY US',201003,27,377
COOP:487115,'PAVILLION WY US',201004,163,435
COOP:487115,'PAVILLION WY US',201005,454,476
COOP:487115,'PAVILLION WY US',201006,119,611
COOP:487115,'PAVILLION WY US',201007,16,704
COOP:487115,'PAVILLION WY US',201008,15,681
COOP:487115,'PAVILLION WY US',201009,27,607
COOP:487115,'PAVILLION WY US',201010,9,507
COOP:487115,'PAVILLION WY US',201011,15,307
COOP:487115,'PAVILLION WY US',201012,30,262
COOP:487115,'PAVILLION WY US',201101,5,223
COOP:487115,'PAVILLION WY US',201103,7,372
COOP:487115,'PAVILLION WY US',201104,47,414
COOP:487115,'PAVILLION WY US',201105,192,476
COOP:487115,'PAVILLION WY US',201107,50,713
COOP:487115,'PAVILLION WY US',201108,17,706
COOP:487115,'PAVILLION WY US',201110,188,500
COOP:487115,'PAVILLION WY US',201111,28,310
COOP:487115,'PAVILLION WY US',201201,0,271
COOP:487115,'PAVILLION WY US',201202,19,270
COOP:487115,'PAVILLION WY US',201203,14,448
COOP:487115,'PAVILLION WY US',201204,28,505
COOP:487115,'PAVILLION WY US',201206,0,667
COOP:487115,'PAVILLION WY US',201207,44,742
COOP:487115,'PAVILLION WY US',201208,24,708
COOP:487115,'PAVILLION WY US',201209,14,611
COOP:487115,'PAVILLION WY US',201210,46,469
COOP:487115,'PAVILLION WY US',201211,24,380
COOP:487115,'PAVILLION WY US',201301,21,176
COOP:487115,'PAVILLION WY US',201302,21,250
COOP:487115,'PAVILLION WY US',201303,6,363
COOP:487115,'PAVILLION WY US',201304,46,400
COOP:487115,'PAVILLION WY US',201307,57,712
COOP:487115,'PAVILLION WY US',201308,3,700
COOP:487115,'PAVILLION WY US',201309,291,588
COOP:487115,'PAVILLION WY US',201310,98,397
COOP:487115,'PAVILLION WY US',201311,10,320
COOP:487115,'PAVILLION WY US',201312,31,213
COOP:487115,'PAVILLION WY US',201401,28,236
COOP:487115,'PAVILLION WY US',201402,0,194
COOP:487115,'PAVILLION WY US',201403,37,355
COOP:487115,'PAVILLION WY US',201404,13,433
COOP:487115,'PAVILLION WY US',201405,63,541
COOP:487115,'PAVILLION WY US',201406,72,592
COOP:487115,'PAVILLION WY US',201407,46,696
COOP:486428,'MOOSE WY US',200002,504,226
COOP:486428,'MOOSE WY US',200003,103,262
COOP:486428,'MOOSE WY US',200004,40,403
COOP:486428,'MOOSE WY US',200005,138,474
COOP:486428,'MOOSE WY US',200006,59,543
COOP:486428,'MOOSE WY US',200007,36,609
COOP:486428,'MOOSE WY US',200009,135,493
COOP:486428,'MOOSE WY US',200011,188,186
COOP:486428,'MOOSE WY US',200101,49,65
COOP:486428,'MOOSE WY US',200102,259,183
COOP:486428,'MOOSE WY US',200103,71,293
COOP:486428,'MOOSE WY US',200104,171,371
COOP:486428,'MOOSE WY US',200105,184,490
COOP:486428,'MOOSE WY US',200106,66,552
COOP:486428,'MOOSE WY US',200107,57,630
COOP:486428,'MOOSE WY US',200108,55,632
COOP:486428,'MOOSE WY US',200109,70,533
COOP:486428,'MOOSE WY US',200110,128,385
COOP:486428,'MOOSE WY US',200111,172,298
COOP:486428,'MOOSE WY US',200112,361,105
COOP:486428,'MOOSE WY US',200201,243,127
COOP:486428,'MOOSE WY US',200202,106,103
COOP:486428,'MOOSE WY US',200203,199,227
COOP:486428,'MOOSE WY US',200204,198,366
COOP:486428,'MOOSE WY US',200205,140,437
COOP:486428,'MOOSE WY US',200206,81,528
COOP:486428,'MOOSE WY US',200207,44,632
COOP:486428,'MOOSE WY US',200208,8,563
COOP:486428,'MOOSE WY US',200209,300,494
COOP:486428,'MOOSE WY US',200210,208,332
COOP:486428,'MOOSE WY US',200211,183,203
COOP:486428,'MOOSE WY US',200212,189,137
COOP:486428,'MOOSE WY US',200301,342,194
COOP:486428,'MOOSE WY US',200302,131,159
COOP:486428,'MOOSE WY US',200304,57,383
COOP:486428,'MOOSE WY US',200305,63,464
COOP:486428,'MOOSE WY US',200306,121,546
COOP:486428,'MOOSE WY US',200307,87,660
COOP:486428,'MOOSE WY US',200308,175,631
COOP:486428,'MOOSE WY US',200309,142,502
COOP:486428,'MOOSE WY US',200310,64,429
COOP:486428,'MOOSE WY US',200311,307,188
COOP:486428,'MOOSE WY US',200312,281,175
COOP:486428,'MOOSE WY US',200401,246,93
COOP:486428,'MOOSE WY US',200402,117,152
COOP:486428,'MOOSE WY US',200403,70,300
COOP:486428,'MOOSE WY US',200404,142,402
COOP:486428,'MOOSE WY US',200405,308,448
COOP:486428,'MOOSE WY US',200406,188,537
COOP:486428,'MOOSE WY US',200407,131,604
COOP:486428,'MOOSE WY US',200408,248,580
COOP:486428,'MOOSE WY US',200409,168,496
COOP:486428,'MOOSE WY US',200410,233,406
COOP:486428,'MOOSE WY US',200411,51,260
COOP:486428,'MOOSE WY US',200412,249,203
COOP:486428,'MOOSE WY US',200501,172,198
COOP:486428,'MOOSE WY US',200502,84,154
COOP:486428,'MOOSE WY US',200503,177,288
COOP:486428,'MOOSE WY US',200504,82,362
COOP:486428,'MOOSE WY US',200505,399,463
COOP:486428,'MOOSE WY US',200508,27,572
COOP:486428,'MOOSE WY US',200509,123,490
COOP:486428,'MOOSE WY US',200510,156,415
COOP:486428,'MOOSE WY US',200511,295,274
COOP:486428,'MOOSE WY US',200512,414,138
COOP:486428,'MOOSE WY US',200601,445,168
COOP:486428,'MOOSE WY US',200602,171,149
COOP:486428,'MOOSE WY US',200603,146,238
COOP:486428,'MOOSE WY US',200604,227,393
COOP:486428,'MOOSE WY US',200605,95,486
COOP:486428,'MOOSE WY US',200606,154,572
COOP:486428,'MOOSE WY US',200607,92,658
COOP:486428,'MOOSE WY US',200608,215,589
COOP:486428,'MOOSE WY US',200609,194,499
COOP:486428,'MOOSE WY US',200610,299,382
COOP:486428,'MOOSE WY US',200611,233,285
COOP:486428,'MOOSE WY US',200612,285,153
COOP:486428,'MOOSE WY US',200701,97,77
COOP:486428,'MOOSE WY US',200702,128,236
COOP:486428,'MOOSE WY US',200703,58,319
COOP:486428,'MOOSE WY US',200704,130,395
COOP:486428,'MOOSE WY US',200705,14,494
COOP:486428,'MOOSE WY US',200706,37,575
COOP:486428,'MOOSE WY US',200707,56,698
COOP:486428,'MOOSE WY US',200708,160,630
COOP:486428,'MOOSE WY US',200709,149,531
COOP:486428,'MOOSE WY US',200710,282,402
COOP:486428,'MOOSE WY US',200711,298,307
COOP:486428,'MOOSE WY US',200712,239,171
COOP:486428,'MOOSE WY US',200801,350,103
COOP:486428,'MOOSE WY US',200802,248,201
COOP:486428,'MOOSE WY US',200803,266,223
COOP:486428,'MOOSE WY US',200804,42,299
COOP:486428,'MOOSE WY US',200805,191,441
COOP:486428,'MOOSE WY US',200806,121,532
COOP:486428,'MOOSE WY US',200807,50,616
COOP:486428,'MOOSE WY US',200809,122,507
COOP:486428,'MOOSE WY US',200810,149,400
COOP:486428,'MOOSE WY US',200811,225,311
COOP:486428,'MOOSE WY US',200812,397,178
COOP:486428,'MOOSE WY US',200901,269,156
COOP:486428,'MOOSE WY US',200902,109,183
COOP:486428,'MOOSE WY US',200903,225,255
COOP:486428,'MOOSE WY US',200904,322,351
COOP:486428,'MOOSE WY US',200905,156,480
COOP:486428,'MOOSE WY US',200906,353,531
COOP:486428,'MOOSE WY US',200907,103,610
COOP:486428,'MOOSE WY US',200908,91,592
COOP:486428,'MOOSE WY US',200909,60,557
COOP:486428,'MOOSE WY US',200910,359,342
COOP:486428,'MOOSE WY US',200911,30,287
COOP:486428,'MOOSE WY US',200912,97,134
COOP:486428,'MOOSE WY US',201001,205,148
COOP:486428,'MOOSE WY US',201002,128,159
COOP:486428,'MOOSE WY US',201003,118,283
COOP:486428,'MOOSE WY US',201004,251,354
COOP:486428,'MOOSE WY US',201005,158,407
COOP:486428,'MOOSE WY US',201006,301,536
COOP:486428,'MOOSE WY US',201007,156,614
COOP:486428,'MOOSE WY US',201008,166,595
COOP:486428,'MOOSE WY US',201009,135,514
COOP:486428,'MOOSE WY US',201010,331,426
COOP:486428,'MOOSE WY US',201011,450,246
COOP:486428,'MOOSE WY US',201012,357,200
COOP:486428,'MOOSE WY US',201101,384,162
COOP:486428,'MOOSE WY US',201102,154,145
COOP:486428,'MOOSE WY US',201103,348,272
COOP:486428,'MOOSE WY US',201104,364,326
COOP:486428,'MOOSE WY US',201105,404,414
COOP:486428,'MOOSE WY US',201106,216,518
COOP:486428,'MOOSE WY US',201107,81,614
COOP:486428,'MOOSE WY US',201108,106,608
COOP:486428,'MOOSE WY US',201109,42,539
COOP:486428,'MOOSE WY US',201110,141,425
COOP:486428,'MOOSE WY US',201111,125,217
COOP:486428,'MOOSE WY US',201112,256,110
COOP:486428,'MOOSE WY US',201201,272,167
COOP:486428,'MOOSE WY US',201202,200,159
COOP:486428,'MOOSE WY US',201203,155,303
COOP:486428,'MOOSE WY US',201204,98,406
COOP:486428,'MOOSE WY US',201205,162,468
COOP:486428,'MOOSE WY US',201206,35,549
COOP:486428,'MOOSE WY US',201207,121,648
COOP:486428,'MOOSE WY US',201208,28,635
COOP:486428,'MOOSE WY US',201209,17,530
COOP:486428,'MOOSE WY US',201210,216,381
COOP:486428,'MOOSE WY US',201211,219,304
COOP:486428,'MOOSE WY US',201212,370,173
COOP:486428,'MOOSE WY US',201301,117,87
COOP:486428,'MOOSE WY US',201302,74,169
COOP:486428,'MOOSE WY US',201303,123,242
COOP:486428,'MOOSE WY US',201304,179,339
COOP:486428,'MOOSE WY US',201305,159,467
COOP:486428,'MOOSE WY US',201306,22,549
COOP:486428,'MOOSE WY US',201307,170,632
COOP:486428,'MOOSE WY US',201308,49,623
COOP:486428,'MOOSE WY US',201309,259,524
COOP:486428,'MOOSE WY US',201310,151,367
COOP:486428,'MOOSE WY US',201312,240,116
COOP:486428,'MOOSE WY US',201401,178,153
COOP:486428,'MOOSE WY US',201402,448,218
COOP:486428,'MOOSE WY US',201403,476,297
COOP:486428,'MOOSE WY US',201404,172,355
COOP:486428,'MOOSE WY US',201405,60,483
COOP:486428,'MOOSE WY US',201406,204,532
COOP:486428,'MOOSE WY US',201407,91,638
COOP:487031,'PAHASKA WY US',200509,278,478
COOP:487031,'PAHASKA WY US',200510,193,411
COOP:487031,'PAHASKA WY US',200511,354,278
COOP:487031,'PAHASKA WY US',200601,244,222
COOP:487031,'PAHASKA WY US',200610,256,387
COOP:487031,'PAHASKA WY US',200612,140,179
COOP:487031,'PAHASKA WY US',200704,213,375
COOP:487031,'PAHASKA WY US',200706,140,558
COOP:487031,'PAHASKA WY US',200707,118,665
COOP:487031,'PAHASKA WY US',200708,239,589
COOP:487031,'PAHASKA WY US',200709,173,498
COOP:487031,'PAHASKA WY US',200710,512,389
COOP:487031,'PAHASKA WY US',200711,255,284
COOP:487031,'PAHASKA WY US',200712,223,170
COOP:487031,'PAHASKA WY US',200806,195,512
COOP:487031,'PAHASKA WY US',200807,22,600
COOP:487031,'PAHASKA WY US',200810,102,384
COOP:487031,'PAHASKA WY US',200811,129,293
COOP:487031,'PAHASKA WY US',200812,246,151
COOP:487031,'PAHASKA WY US',200901,402,181
COOP:487031,'PAHASKA WY US',200902,89,204
COOP:487031,'PAHASKA WY US',200908,202,560
COOP:487031,'PAHASKA WY US',200909,50,520
COOP:487031,'PAHASKA WY US',200910,223,304
COOP:487031,'PAHASKA WY US',200911,135,291
COOP:486440,'MORAN 5 WNW WY US',200001,348,169
COOP:486440,'MORAN 5 WNW WY US',200002,252,216
COOP:486440,'MORAN 5 WNW WY US',200003,217,257
COOP:486440,'MORAN 5 WNW WY US',200004,129,384
COOP:486440,'MORAN 5 WNW WY US',200005,274,455
COOP:486440,'MORAN 5 WNW WY US',200006,125,535
COOP:486440,'MORAN 5 WNW WY US',200007,42,609
COOP:486440,'MORAN 5 WNW WY US',200008,75,590
COOP:486440,'MORAN 5 WNW WY US',200009,100,488
COOP:486440,'MORAN 5 WNW WY US',200010,180,386
COOP:486440,'MORAN 5 WNW WY US',200011,130,176
COOP:486440,'MORAN 5 WNW WY US',200012,253,128
COOP:486440,'MORAN 5 WNW WY US',200101,35,89
COOP:486440,'MORAN 5 WNW WY US',200102,164,161
COOP:486440,'MORAN 5 WNW WY US',200103,113,272
COOP:486440,'MORAN 5 WNW WY US',200104,213,342
COOP:486440,'MORAN 5 WNW WY US',200105,196,453
COOP:486440,'MORAN 5 WNW WY US',200106,111,535
COOP:486440,'MORAN 5 WNW WY US',200107,39,601
COOP:486440,'MORAN 5 WNW WY US',200108,49,601
COOP:486440,'MORAN 5 WNW WY US',200109,92,519
COOP:486440,'MORAN 5 WNW WY US',200110,217,385
COOP:486440,'MORAN 5 WNW WY US',200111,229,290
COOP:486440,'MORAN 5 WNW WY US',200112,376,111
COOP:486440,'MORAN 5 WNW WY US',200201,251,121
COOP:486440,'MORAN 5 WNW WY US',200202,87,122
COOP:486440,'MORAN 5 WNW WY US',200203,284,215
COOP:486440,'MORAN 5 WNW WY US',200204,277,343
COOP:486440,'MORAN 5 WNW WY US',200205,186,434
COOP:486440,'MORAN 5 WNW WY US',200206,97,533
COOP:486440,'MORAN 5 WNW WY US',200208,141,558
COOP:486440,'MORAN 5 WNW WY US',200209,319,491
COOP:486440,'MORAN 5 WNW WY US',200210,121,340
COOP:486440,'MORAN 5 WNW WY US',200211,200,225
COOP:486440,'MORAN 5 WNW WY US',200212,207,162
COOP:486440,'MORAN 5 WNW WY US',200301,386,202
COOP:486440,'MORAN 5 WNW WY US',200302,205,133
COOP:486440,'MORAN 5 WNW WY US',200303,388,280
COOP:486440,'MORAN 5 WNW WY US',200304,105,347
COOP:486440,'MORAN 5 WNW WY US',200305,160,436
COOP:486440,'MORAN 5 WNW WY US',200306,69,508
COOP:486440,'MORAN 5 WNW WY US',200307,38,621
COOP:486440,'MORAN 5 WNW WY US',200308,187,615
COOP:486440,'MORAN 5 WNW WY US',200309,135,487
COOP:486440,'MORAN 5 WNW WY US',200310,82,411
COOP:486440,'MORAN 5 WNW WY US',200311,345,179
COOP:486440,'MORAN 5 WNW WY US',200312,313,171
COOP:486440,'MORAN 5 WNW WY US',200401,257,102
COOP:486440,'MORAN 5 WNW WY US',200402,108,154
COOP:486440,'MORAN 5 WNW WY US',200403,57,298
COOP:486440,'MORAN 5 WNW WY US',200404,124,365
COOP:486440,'MORAN 5 WNW WY US',200405,240,425
COOP:486440,'MORAN 5 WNW WY US',200406,145,508
COOP:486440,'MORAN 5 WNW WY US',200407,148,578
COOP:486440,'MORAN 5 WNW WY US',200408,207,555
COOP:486440,'MORAN 5 WNW WY US',200409,217,478
COOP:486440,'MORAN 5 WNW WY US',200410,206,378
COOP:486440,'MORAN 5 WNW WY US',200411,70,238
COOP:486440,'MORAN 5 WNW WY US',200412,145,187
COOP:486440,'MORAN 5 WNW WY US',200501,146,168
COOP:486440,'MORAN 5 WNW WY US',200502,123,140
COOP:486440,'MORAN 5 WNW WY US',200503,120,256
COOP:486440,'MORAN 5 WNW WY US',200504,102,350
COOP:486440,'MORAN 5 WNW WY US',200505,277,429
COOP:486440,'MORAN 5 WNW WY US',200506,247,486
COOP:486440,'MORAN 5 WNW WY US',200507,59,592
COOP:486440,'MORAN 5 WNW WY US',200508,128,564
COOP:486440,'MORAN 5 WNW WY US',200509,223,476
COOP:486440,'MORAN 5 WNW WY US',200510,214,395
COOP:486440,'MORAN 5 WNW WY US',200511,317,240
COOP:486440,'MORAN 5 WNW WY US',200512,332,128
COOP:486440,'MORAN 5 WNW WY US',200601,479,150
COOP:486440,'MORAN 5 WNW WY US',200602,181,120
COOP:486440,'MORAN 5 WNW WY US',200603,143,199
COOP:486440,'MORAN 5 WNW WY US',200604,180,360
COOP:486440,'MORAN 5 WNW WY US',200605,164,441
COOP:486440,'MORAN 5 WNW WY US',200606,78,538
COOP:486440,'MORAN 5 WNW WY US',200607,53,625
COOP:486440,'MORAN 5 WNW WY US',200608,71,555
COOP:486440,'MORAN 5 WNW WY US',200609,129,474
COOP:486440,'MORAN 5 WNW WY US',200610,234,359
COOP:486440,'MORAN 5 WNW WY US',200611,225,243
COOP:486440,'MORAN 5 WNW WY US',200612,304,124
COOP:486440,'MORAN 5 WNW WY US',200701,146,50
COOP:486440,'MORAN 5 WNW WY US',200702,239,193
COOP:486440,'MORAN 5 WNW WY US',200703,62,294
COOP:486440,'MORAN 5 WNW WY US',200704,177,369
COOP:486440,'MORAN 5 WNW WY US',200705,60,449
COOP:486440,'MORAN 5 WNW WY US',200707,99,652
COOP:486440,'MORAN 5 WNW WY US',200708,160,595
COOP:486440,'MORAN 5 WNW WY US',200709,168,516
COOP:486440,'MORAN 5 WNW WY US',200710,387,392
COOP:486440,'MORAN 5 WNW WY US',200711,282,278
COOP:486440,'MORAN 5 WNW WY US',200712,214,156
COOP:486440,'MORAN 5 WNW WY US',200801,419,103
COOP:486440,'MORAN 5 WNW WY US',200802,251,173
COOP:486440,'MORAN 5 WNW WY US',200803,401,204
COOP:486440,'MORAN 5 WNW WY US',200804,96,280
COOP:486440,'MORAN 5 WNW WY US',200805,218,420
COOP:486440,'MORAN 5 WNW WY US',200806,211,512
COOP:486440,'MORAN 5 WNW WY US',200807,77,599
COOP:486440,'MORAN 5 WNW WY US',200808,40,596
COOP:486440,'MORAN 5 WNW WY US',200809,108,487
COOP:486440,'MORAN 5 WNW WY US',200810,129,382
COOP:486440,'MORAN 5 WNW WY US',200811,210,300
COOP:486440,'MORAN 5 WNW WY US',200812,504,171
COOP:486440,'MORAN 5 WNW WY US',200901,197,150
COOP:486440,'MORAN 5 WNW WY US',200902,181,172
COOP:486440,'MORAN 5 WNW WY US',200903,302,254
COOP:486440,'MORAN 5 WNW WY US',200904,290,342
COOP:486440,'MORAN 5 WNW WY US',200905,178,451
COOP:486440,'MORAN 5 WNW WY US',200906,421,510
COOP:486440,'MORAN 5 WNW WY US',200908,107,571
COOP:486440,'MORAN 5 WNW WY US',200909,30,550
COOP:486440,'MORAN 5 WNW WY US',200910,212,338
COOP:486440,'MORAN 5 WNW WY US',200911,89,269
COOP:486440,'MORAN 5 WNW WY US',201001,220,132
COOP:486440,'MORAN 5 WNW WY US',201002,84,159
COOP:486440,'MORAN 5 WNW WY US',201003,164,266
COOP:486440,'MORAN 5 WNW WY US',201004,258,330
COOP:486440,'MORAN 5 WNW WY US',201005,188,370
COOP:486440,'MORAN 5 WNW WY US',201006,461,505
COOP:486440,'MORAN 5 WNW WY US',201007,61,587
COOP:486440,'MORAN 5 WNW WY US',201008,171,570
COOP:486440,'MORAN 5 WNW WY US',201009,86,505
COOP:486440,'MORAN 5 WNW WY US',201010,323,412
COOP:486440,'MORAN 5 WNW WY US',201104,509,314
COOP:486440,'MORAN 5 WNW WY US',201105,461,403
COOP:486440,'MORAN 5 WNW WY US',201106,220,502
COOP:486440,'MORAN 5 WNW WY US',201107,34,593
COOP:486440,'MORAN 5 WNW WY US',201109,113,517
COOP:486440,'MORAN 5 WNW WY US',201110,184,405
COOP:486440,'MORAN 5 WNW WY US',201201,416,170
COOP:486440,'MORAN 5 WNW WY US',201202,223,148
COOP:486440,'MORAN 5 WNW WY US',201203,151,312
COOP:486440,'MORAN 5 WNW WY US',201204,73,389
COOP:486440,'MORAN 5 WNW WY US',201209,89,544
COOP:486440,'MORAN 5 WNW WY US',201210,227,409
COOP:486440,'MORAN 5 WNW WY US',201211,248,332
COOP:486440,'MORAN 5 WNW WY US',201212,438,171
COOP:486440,'MORAN 5 WNW WY US',201301,126,103
COOP:486440,'MORAN 5 WNW WY US',201302,97,170
COOP:486440,'MORAN 5 WNW WY US',201303,197,226
COOP:486440,'MORAN 5 WNW WY US',201304,158,313
COOP:486440,'MORAN 5 WNW WY US',201305,225,454
COOP:486440,'MORAN 5 WNW WY US',201306,33,542
COOP:486440,'MORAN 5 WNW WY US',201307,50,625
COOP:486440,'MORAN 5 WNW WY US',201308,95,606
COOP:486440,'MORAN 5 WNW WY US',201309,300,516
COOP:486440,'MORAN 5 WNW WY US',201310,119,351
COOP:486440,'MORAN 5 WNW WY US',201311,195,252
COOP:486440,'MORAN 5 WNW WY US',201312,285,77
COOP:486440,'MORAN 5 WNW WY US',201401,200,118
COOP:486440,'MORAN 5 WNW WY US',201402,497,181
COOP:486440,'MORAN 5 WNW WY US',201403,480,258
COOP:486440,'MORAN 5 WNW WY US',201404,290,319
COOP:486440,'MORAN 5 WNW WY US',201405,157,446
COOP:486440,'MORAN 5 WNW WY US',201406,219,501
COOP:486440,'MORAN 5 WNW WY US',201407,64,605
COOP:486395,'MOORCROFT 3 S WY US',200001,25,254
COOP:486395,'MOORCROFT 3 S WY US',200002,20,303
COOP:486395,'MOORCROFT 3 S WY US',200003,50,375
COOP:486395,'MOORCROFT 3 S WY US',200004,205,426
COOP:486395,'MOORCROFT 3 S WY US',200005,193,535
COOP:486395,'MOORCROFT 3 S WY US',200006,151,616
COOP:486395,'MOORCROFT 3 S WY US',200007,123,724
COOP:486395,'MOORCROFT 3 S WY US',200008,14,716
COOP:486395,'MOORCROFT 3 S WY US',200009,65,598
COOP:486395,'MOORCROFT 3 S WY US',200010,4,474
COOP:486395,'MOORCROFT 3 S WY US',200011,77,204
COOP:486395,'MOORCROFT 3 S WY US',200012,11,152
COOP:486395,'MOORCROFT 3 S WY US',200101,0,234
COOP:486395,'MOORCROFT 3 S WY US',200111,20,389
COOP:486395,'MOORCROFT 3 S WY US',200201,15,235
COOP:486395,'MOORCROFT 3 S WY US',200204,46,405
COOP:486395,'MOORCROFT 3 S WY US',200205,260,463
COOP:486395,'MOORCROFT 3 S WY US',200206,151,657
COOP:486395,'MOORCROFT 3 S WY US',200210,60,388
COOP:486395,'MOORCROFT 3 S WY US',200211,42,346
COOP:486395,'MOORCROFT 3 S WY US',200301,45,272
COOP:486395,'MOORCROFT 3 S WY US',200307,20,751
COOP:486395,'MOORCROFT 3 S WY US',200309,320,556
COOP:486395,'MOORCROFT 3 S WY US',200311,50,258
COOP:486395,'MOORCROFT 3 S WY US',200401,25,215
COOP:486395,'MOORCROFT 3 S WY US',200402,20,265
COOP:486395,'MOORCROFT 3 S WY US',200403,30,381
COOP:486395,'MOORCROFT 3 S WY US',200404,68,451
COOP:486395,'MOORCROFT 3 S WY US',200405,92,517
COOP:486395,'MOORCROFT 3 S WY US',200406,38,599
COOP:486395,'MOORCROFT 3 S WY US',200407,231,688
COOP:486395,'MOORCROFT 3 S WY US',200409,81,556
COOP:486395,'MOORCROFT 3 S WY US',200410,128,489
COOP:486395,'MOORCROFT 3 S WY US',200501,39,214
COOP:486395,'MOORCROFT 3 S WY US',200502,30,301
COOP:486395,'MOORCROFT 3 S WY US',200503,53,344
COOP:486395,'MOORCROFT 3 S WY US',200504,175,410
COOP:486395,'MOORCROFT 3 S WY US',200505,346,404
COOP:486395,'MOORCROFT 3 S WY US',200506,196,589
COOP:486395,'MOORCROFT 3 S WY US',200507,48,720
COOP:486395,'MOORCROFT 3 S WY US',200508,357,624
COOP:486395,'MOORCROFT 3 S WY US',200510,121,467
COOP:486395,'MOORCROFT 3 S WY US',200511,20,365
COOP:486395,'MOORCROFT 3 S WY US',200512,28,211
COOP:486395,'MOORCROFT 3 S WY US',200602,14,235
COOP:486395,'MOORCROFT 3 S WY US',200603,65,338
COOP:486395,'MOORCROFT 3 S WY US',200604,88,455
COOP:486395,'MOORCROFT 3 S WY US',200607,0,770
COOP:486395,'MOORCROFT 3 S WY US',200608,186,690
COOP:486395,'MOORCROFT 3 S WY US',200609,121,542
COOP:486395,'MOORCROFT 3 S WY US',200610,8,425
COOP:486395,'MOORCROFT 3 S WY US',200611,80,335
COOP:486395,'MOORCROFT 3 S WY US',200612,0,279
COOP:486395,'MOORCROFT 3 S WY US',200701,9,203
COOP:486395,'MOORCROFT 3 S WY US',200702,13,220
COOP:486395,'MOORCROFT 3 S WY US',200703,155,413
COOP:486395,'MOORCROFT 3 S WY US',200704,69,398
COOP:486395,'MOORCROFT 3 S WY US',200705,384,513
COOP:486395,'MOORCROFT 3 S WY US',200706,148,633
COOP:486395,'MOORCROFT 3 S WY US',200707,58,763
COOP:486395,'MOORCROFT 3 S WY US',200709,25,597
COOP:486395,'MOORCROFT 3 S WY US',200710,85,474
COOP:486395,'MOORCROFT 3 S WY US',200711,15,330
COOP:486395,'MOORCROFT 3 S WY US',200712,32,189
COOP:486395,'MOORCROFT 3 S WY US',200801,15,138
COOP:486395,'MOORCROFT 3 S WY US',200802,36,214
COOP:486395,'MOORCROFT 3 S WY US',200810,105,455
COOP:486395,'MOORCROFT 3 S WY US',200811,131,377
COOP:486395,'MOORCROFT 3 S WY US',200812,23,168
COOP:486395,'MOORCROFT 3 S WY US',200901,64,223
COOP:486395,'MOORCROFT 3 S WY US',200904,156,390
COOP:486395,'MOORCROFT 3 S WY US',200905,205,515
COOP:486395,'MOORCROFT 3 S WY US',200906,184,579
COOP:486395,'MOORCROFT 3 S WY US',200907,77,678
COOP:486395,'MOORCROFT 3 S WY US',200910,0,361
COOP:486395,'MOORCROFT 3 S WY US',200911,0,386
COOP:486395,'MOORCROFT 3 S WY US',200912,0,134
COOP:486395,'MOORCROFT 3 S WY US',201003,0,369
COOP:486395,'MOORCROFT 3 S WY US',201004,27,428
COOP:486395,'MOORCROFT 3 S WY US',201006,305,599
COOP:486395,'MOORCROFT 3 S WY US',201008,0,711
COOP:486395,'MOORCROFT 3 S WY US',201009,33,596
COOP:486395,'MOORCROFT 3 S WY US',201010,20,518
COOP:486395,'MOORCROFT 3 S WY US',201011,0,290
COOP:486395,'MOORCROFT 3 S WY US',201012,0,220
COOP:486395,'MOORCROFT 3 S WY US',201108,104,717
COOP:486395,'MOORCROFT 3 S WY US',201109,155,603
COOP:486395,'MOORCROFT 3 S WY US',201111,69,325
COOP:486395,'MOORCROFT 3 S WY US',201204,80,481
COOP:480951,'BOULDER REARING STATION WY US',200001,65,146
COOP:480951,'BOULDER REARING STATION WY US',200002,62,190
COOP:480951,'BOULDER REARING STATION WY US',200003,40,262
COOP:480951,'BOULDER REARING STATION WY US',200004,14,405
COOP:480951,'BOULDER REARING STATION WY US',200005,128,483
COOP:480951,'BOULDER REARING STATION WY US',200006,84,541
COOP:480951,'BOULDER REARING STATION WY US',200007,55,623
COOP:480951,'BOULDER REARING STATION WY US',200008,91,619
COOP:480951,'BOULDER REARING STATION WY US',200009,92,489
COOP:480951,'BOULDER REARING STATION WY US',200010,75,384
COOP:480951,'BOULDER REARING STATION WY US',200011,32,156
COOP:480951,'BOULDER REARING STATION WY US',200012,34,95
COOP:480951,'BOULDER REARING STATION WY US',200101,38,65
COOP:480951,'BOULDER REARING STATION WY US',200102,54,118
COOP:480951,'BOULDER REARING STATION WY US',200103,25,269
COOP:480951,'BOULDER REARING STATION WY US',200104,74,377
COOP:480951,'BOULDER REARING STATION WY US',200105,9,482
COOP:480951,'BOULDER REARING STATION WY US',200106,51,555
COOP:480951,'BOULDER REARING STATION WY US',200107,68,639
COOP:480951,'BOULDER REARING STATION WY US',200108,50,626
COOP:480951,'BOULDER REARING STATION WY US',200109,28,528
COOP:480951,'BOULDER REARING STATION WY US',200110,48,385
COOP:480951,'BOULDER REARING STATION WY US',200111,48,298
COOP:480951,'BOULDER REARING STATION WY US',200112,32,57
COOP:480951,'BOULDER REARING STATION WY US',200201,6,69
COOP:480951,'BOULDER REARING STATION WY US',200202,3,93
COOP:480951,'BOULDER REARING STATION WY US',200203,62,215
COOP:480951,'BOULDER REARING STATION WY US',200204,86,375
COOP:480951,'BOULDER REARING STATION WY US',200205,115,449
COOP:480951,'BOULDER REARING STATION WY US',200206,9,557
COOP:480951,'BOULDER REARING STATION WY US',200207,67,647
COOP:480951,'BOULDER REARING STATION WY US',200208,19,581
COOP:480951,'BOULDER REARING STATION WY US',200209,77,520
COOP:480951,'BOULDER REARING STATION WY US',200210,140,353
COOP:480951,'BOULDER REARING STATION WY US',200211,53,220
COOP:480951,'BOULDER REARING STATION WY US',200212,44,127
COOP:480951,'BOULDER REARING STATION WY US',200301,16,169
COOP:480951,'BOULDER REARING STATION WY US',200302,77,90
COOP:480951,'BOULDER REARING STATION WY US',200303,39,280
COOP:480951,'BOULDER REARING STATION WY US',200304,27,391
COOP:480951,'BOULDER REARING STATION WY US',200305,51,465
COOP:480951,'BOULDER REARING STATION WY US',200306,149,538
COOP:480951,'BOULDER REARING STATION WY US',200307,41,650
COOP:480951,'BOULDER REARING STATION WY US',200308,88,627
COOP:480951,'BOULDER REARING STATION WY US',200309,66,504
COOP:480951,'BOULDER REARING STATION WY US',200310,91,427
COOP:480951,'BOULDER REARING STATION WY US',200311,34,141
COOP:480951,'BOULDER REARING STATION WY US',200312,70,138
COOP:480951,'BOULDER REARING STATION WY US',200401,18,22
COOP:480951,'BOULDER REARING STATION WY US',200402,78,85
COOP:480951,'BOULDER REARING STATION WY US',200403,6,251
COOP:480951,'BOULDER REARING STATION WY US',200404,57,402
COOP:480951,'BOULDER REARING STATION WY US',200405,137,454
COOP:480951,'BOULDER REARING STATION WY US',200406,293,539
COOP:480951,'BOULDER REARING STATION WY US',200407,42,598
COOP:480951,'BOULDER REARING STATION WY US',200408,100,570
COOP:480951,'BOULDER REARING STATION WY US',200409,178,495
COOP:480951,'BOULDER REARING STATION WY US',200410,219,406
COOP:480951,'BOULDER REARING STATION WY US',200411,23,272
COOP:480951,'BOULDER REARING STATION WY US',200412,30,183
COOP:480951,'BOULDER REARING STATION WY US',200501,63,142
COOP:480951,'BOULDER REARING STATION WY US',200502,40,86
COOP:480951,'BOULDER REARING STATION WY US',200503,84,260
COOP:480951,'BOULDER REARING STATION WY US',200504,117,377
COOP:480951,'BOULDER REARING STATION WY US',200505,277,457
COOP:480951,'BOULDER REARING STATION WY US',200506,104,519
COOP:480951,'BOULDER REARING STATION WY US',200507,21,616
COOP:480951,'BOULDER REARING STATION WY US',200508,66,578
COOP:480951,'BOULDER REARING STATION WY US',200509,77,484
COOP:480951,'BOULDER REARING STATION WY US',200510,34,410
COOP:480951,'BOULDER REARING STATION WY US',200511,56,270
COOP:480951,'BOULDER REARING STATION WY US',200512,54,99
COOP:480951,'BOULDER REARING STATION WY US',200601,76,96
COOP:480951,'BOULDER REARING STATION WY US',200602,27,68
COOP:480951,'BOULDER REARING STATION WY US',200603,36,212
COOP:480951,'BOULDER REARING STATION WY US',200604,28,393
COOP:480951,'BOULDER REARING STATION WY US',200605,20,471
COOP:480951,'BOULDER REARING STATION WY US',200606,15,573
COOP:480951,'BOULDER REARING STATION WY US',200607,17,647
COOP:480951,'BOULDER REARING STATION WY US',200608,34,592
COOP:480951,'BOULDER REARING STATION WY US',200609,127,486
COOP:480951,'BOULDER REARING STATION WY US',200610,111,391
COOP:480951,'BOULDER REARING STATION WY US',200611,67,251
COOP:480951,'BOULDER REARING STATION WY US',200612,42,136
COOP:480951,'BOULDER REARING STATION WY US',200701,20,42
COOP:480951,'BOULDER REARING STATION WY US',200702,45,193
COOP:480951,'BOULDER REARING STATION WY US',200703,28,310
COOP:480951,'BOULDER REARING STATION WY US',200704,43,376
COOP:480951,'BOULDER REARING STATION WY US',200705,127,475
COOP:480951,'BOULDER REARING STATION WY US',200706,38,568
COOP:480951,'BOULDER REARING STATION WY US',200707,33,662
COOP:480951,'BOULDER REARING STATION WY US',200708,76,607
COOP:480951,'BOULDER REARING STATION WY US',200709,132,510
COOP:480951,'BOULDER REARING STATION WY US',200710,101,403
COOP:480951,'BOULDER REARING STATION WY US',200711,16,285
COOP:480951,'BOULDER REARING STATION WY US',200712,78,103
COOP:480951,'BOULDER REARING STATION WY US',200801,41,4
COOP:480951,'BOULDER REARING STATION WY US',200802,43,102
COOP:480951,'BOULDER REARING STATION WY US',200804,18,306
COOP:480951,'BOULDER REARING STATION WY US',200805,280,436
COOP:480951,'BOULDER REARING STATION WY US',200806,81,523
COOP:480951,'BOULDER REARING STATION WY US',200807,2,619
COOP:480951,'BOULDER REARING STATION WY US',200808,28,597
COOP:480951,'BOULDER REARING STATION WY US',200809,128,494
COOP:480951,'BOULDER REARING STATION WY US',200810,95,394
COOP:480951,'BOULDER REARING STATION WY US',200811,0,316
COOP:480951,'BOULDER REARING STATION WY US',200812,66,141
COOP:480951,'BOULDER REARING STATION WY US',200901,91,130
COOP:480951,'BOULDER REARING STATION WY US',200902,35,129
COOP:480951,'BOULDER REARING STATION WY US',200903,20,238
COOP:480951,'BOULDER REARING STATION WY US',200904,142,368
COOP:480951,'BOULDER REARING STATION WY US',200905,142,457
COOP:480951,'BOULDER REARING STATION WY US',200906,433,526
COOP:480951,'BOULDER REARING STATION WY US',200907,44,605
COOP:480951,'BOULDER REARING STATION WY US',200908,48,573
COOP:480951,'BOULDER REARING STATION WY US',200909,8,538
COOP:480951,'BOULDER REARING STATION WY US',200910,121,340
COOP:480951,'BOULDER REARING STATION WY US',200911,0,275
COOP:480951,'BOULDER REARING STATION WY US',200912,26,76
COOP:480951,'BOULDER REARING STATION WY US',201001,14,125
COOP:480951,'BOULDER REARING STATION WY US',201002,16,140
COOP:480951,'BOULDER REARING STATION WY US',201003,28,306
COOP:480951,'BOULDER REARING STATION WY US',201004,124,351
COOP:480951,'BOULDER REARING STATION WY US',201005,109,399
COOP:480951,'BOULDER REARING STATION WY US',201006,128,544
COOP:480951,'BOULDER REARING STATION WY US',201007,57,601
COOP:480951,'BOULDER REARING STATION WY US',201008,78,588
COOP:480951,'BOULDER REARING STATION WY US',201009,6,513
COOP:480951,'BOULDER REARING STATION WY US',201010,49,427
COOP:480951,'BOULDER REARING STATION WY US',201011,52,246
COOP:480951,'BOULDER REARING STATION WY US',201012,93,149
COOP:480951,'BOULDER REARING STATION WY US',201101,34,90
COOP:480951,'BOULDER REARING STATION WY US',201102,80,89
COOP:480951,'BOULDER REARING STATION WY US',201103,27,189
COOP:480951,'BOULDER REARING STATION WY US',201104,141,327
COOP:480951,'BOULDER REARING STATION WY US',201105,114,411
COOP:480951,'BOULDER REARING STATION WY US',201106,89,512
COOP:480951,'BOULDER REARING STATION WY US',201107,65,612
COOP:480951,'BOULDER REARING STATION WY US',201108,6,602
COOP:480951,'BOULDER REARING STATION WY US',201109,64,526
COOP:480951,'BOULDER REARING STATION WY US',201111,38,218
COOP:480951,'BOULDER REARING STATION WY US',201112,8,149
COOP:480951,'BOULDER REARING STATION WY US',201201,86,163
COOP:480951,'BOULDER REARING STATION WY US',201202,64,99
COOP:480951,'BOULDER REARING STATION WY US',201203,20,286
COOP:480951,'BOULDER REARING STATION WY US',201204,30,409
COOP:480951,'BOULDER REARING STATION WY US',201205,38,456
COOP:480951,'BOULDER REARING STATION WY US',201206,0,559
COOP:480951,'BOULDER REARING STATION WY US',201207,149,642
COOP:480951,'BOULDER REARING STATION WY US',201208,7,614
COOP:480951,'BOULDER REARING STATION WY US',201209,22,529
COOP:480951,'BOULDER REARING STATION WY US',201210,118,386
COOP:480951,'BOULDER REARING STATION WY US',201211,48,292
COOP:480951,'BOULDER REARING STATION WY US',201212,54,138
COOP:480951,'BOULDER REARING STATION WY US',201301,16,59
COOP:480951,'BOULDER REARING STATION WY US',201302,8,155
COOP:480951,'BOULDER REARING STATION WY US',201303,14,268
COOP:480951,'BOULDER REARING STATION WY US',201304,87,330
COOP:480951,'BOULDER REARING STATION WY US',201305,97,480
COOP:480951,'BOULDER REARING STATION WY US',201306,3,565
COOP:480951,'BOULDER REARING STATION WY US',201307,68,635
COOP:480951,'BOULDER REARING STATION WY US',201308,14,611
COOP:480951,'BOULDER REARING STATION WY US',201309,231,529
COOP:480951,'BOULDER REARING STATION WY US',201310,146,374
COOP:480951,'BOULDER REARING STATION WY US',201312,54,103
COOP:480951,'BOULDER REARING STATION WY US',201401,26,159
COOP:480951,'BOULDER REARING STATION WY US',201402,85,139
COOP:480951,'BOULDER REARING STATION WY US',201403,41,264
COOP:480951,'BOULDER REARING STATION WY US',201404,62,356
COOP:480951,'BOULDER REARING STATION WY US',201405,105,477
COOP:480951,'BOULDER REARING STATION WY US',201406,119,521
COOP:480951,'BOULDER REARING STATION WY US',201407,62,618
COOP:486195,'MIDWEST WY US',200001,2,290
COOP:486195,'MIDWEST WY US',200003,44,384
COOP:486195,'MIDWEST WY US',200005,366,546
COOP:486195,'MIDWEST WY US',200006,168,613
COOP:486195,'MIDWEST WY US',200007,74,721
COOP:486195,'MIDWEST WY US',200011,75,201
COOP:486195,'MIDWEST WY US',200012,107,179
COOP:486195,'MIDWEST WY US',200101,49,235
COOP:486195,'MIDWEST WY US',200102,87,214
COOP:486195,'MIDWEST WY US',200103,52,349
COOP:486195,'MIDWEST WY US',200104,106,453
COOP:486195,'MIDWEST WY US',200105,92,554
COOP:486195,'MIDWEST WY US',200106,56,653
COOP:486195,'MIDWEST WY US',200107,182,782
COOP:486195,'MIDWEST WY US',200108,47,729
COOP:486195,'MIDWEST WY US',200109,86,624
COOP:486195,'MIDWEST WY US',200110,85,471
COOP:486195,'MIDWEST WY US',200111,56,404
COOP:486195,'MIDWEST WY US',200112,45,250
COOP:486195,'MIDWEST WY US',200201,22,238
COOP:486195,'MIDWEST WY US',200202,54,278
COOP:486195,'MIDWEST WY US',200203,95,258
COOP:486195,'MIDWEST WY US',200204,99,429
COOP:486195,'MIDWEST WY US',200205,185,506
COOP:486195,'MIDWEST WY US',200206,59,656
COOP:486195,'MIDWEST WY US',200207,85,738
COOP:486195,'MIDWEST WY US',200208,204,669
COOP:486195,'MIDWEST WY US',200209,91,600
COOP:486195,'MIDWEST WY US',200210,55,408
COOP:486195,'MIDWEST WY US',200211,37,337
COOP:486195,'MIDWEST WY US',200301,20,322
COOP:486195,'MIDWEST WY US',200302,72,242
COOP:486195,'MIDWEST WY US',200303,146,345
COOP:486195,'MIDWEST WY US',200304,180,487
COOP:486195,'MIDWEST WY US',200305,139,537
COOP:486195,'MIDWEST WY US',200306,201,605
COOP:486195,'MIDWEST WY US',200307,27,742
COOP:486195,'MIDWEST WY US',200308,114,745
COOP:486195,'MIDWEST WY US',200309,122,572
COOP:486195,'MIDWEST WY US',200310,66,506
COOP:486195,'MIDWEST WY US',200311,100,269
COOP:486195,'MIDWEST WY US',200312,43,284
COOP:486195,'MIDWEST WY US',200401,0,267
COOP:486195,'MIDWEST WY US',200402,96,277
COOP:486195,'MIDWEST WY US',200403,75,387
COOP:486195,'MIDWEST WY US',200404,147,464
COOP:486195,'MIDWEST WY US',200405,105,540
COOP:486195,'MIDWEST WY US',200406,49,601
COOP:486195,'MIDWEST WY US',200408,32,639
COOP:486195,'MIDWEST WY US',200410,174,477
COOP:486195,'MIDWEST WY US',200411,79,349
COOP:486195,'MIDWEST WY US',200412,24,283
COOP:486195,'MIDWEST WY US',200501,46,260
COOP:486195,'MIDWEST WY US',200502,8,315
COOP:486195,'MIDWEST WY US',200503,92,363
COOP:486195,'MIDWEST WY US',200504,230,429
COOP:486195,'MIDWEST WY US',200505,363,505
COOP:486195,'MIDWEST WY US',200506,100,634
COOP:486195,'MIDWEST WY US',200507,68,713
COOP:486195,'MIDWEST WY US',200509,66,605
COOP:486195,'MIDWEST WY US',200510,105,487
COOP:486195,'MIDWEST WY US',200511,20,371
COOP:486195,'MIDWEST WY US',200512,15,231
COOP:486195,'MIDWEST WY US',200601,25,313
COOP:486195,'MIDWEST WY US',200602,41,202
COOP:486195,'MIDWEST WY US',200603,82,352
COOP:486195,'MIDWEST WY US',200605,197,532
COOP:486195,'MIDWEST WY US',200606,10,678
COOP:486195,'MIDWEST WY US',200607,183,752
COOP:486195,'MIDWEST WY US',200608,56,706
COOP:486195,'MIDWEST WY US',200609,215,557
COOP:486195,'MIDWEST WY US',200610,55,452
COOP:486195,'MIDWEST WY US',200611,10,352
COOP:486195,'MIDWEST WY US',200612,55,285
COOP:486195,'MIDWEST WY US',200701,32,196
COOP:486195,'MIDWEST WY US',200702,5,257
COOP:486195,'MIDWEST WY US',200703,295,412
COOP:486195,'MIDWEST WY US',200704,25,435
COOP:486195,'MIDWEST WY US',200705,379,559
COOP:486195,'MIDWEST WY US',200706,243,639
COOP:486195,'MIDWEST WY US',200707,254,742
COOP:486195,'MIDWEST WY US',200708,110,709
COOP:486195,'MIDWEST WY US',200709,48,601
COOP:486195,'MIDWEST WY US',200710,176,483
COOP:486195,'MIDWEST WY US',200711,0,374
COOP:486195,'MIDWEST WY US',200712,93,214
COOP:486195,'MIDWEST WY US',200801,28,202
COOP:486195,'MIDWEST WY US',200802,51,268
COOP:486195,'MIDWEST WY US',200803,135,331
COOP:486195,'MIDWEST WY US',200804,95,399
COOP:486195,'MIDWEST WY US',200805,647,502
COOP:486195,'MIDWEST WY US',200806,214,603
COOP:486195,'MIDWEST WY US',200807,68,714
COOP:486195,'MIDWEST WY US',200808,25,690
COOP:486195,'MIDWEST WY US',200809,141,560
COOP:486195,'MIDWEST WY US',200810,90,448
COOP:486195,'MIDWEST WY US',200811,35,398
COOP:486195,'MIDWEST WY US',200812,10,199
COOP:486195,'MIDWEST WY US',200901,35,245
COOP:486195,'MIDWEST WY US',200902,45,312
COOP:486195,'MIDWEST WY US',200903,151,327
COOP:486195,'MIDWEST WY US',200904,107,401
COOP:486195,'MIDWEST WY US',200905,28,538
COOP:486195,'MIDWEST WY US',200906,164,592
COOP:486195,'MIDWEST WY US',200907,195,683
COOP:486195,'MIDWEST WY US',200908,105,654
COOP:486195,'MIDWEST WY US',200909,93,606
COOP:486195,'MIDWEST WY US',200910,212,372
COOP:486195,'MIDWEST WY US',200911,10,395
COOP:486195,'MIDWEST WY US',200912,37,158
COOP:486195,'MIDWEST WY US',201001,1,254
COOP:486195,'MIDWEST WY US',201002,71,236
COOP:486195,'MIDWEST WY US',201003,77,391
COOP:486195,'MIDWEST WY US',201004,174,426
COOP:486195,'MIDWEST WY US',201005,298,471
COOP:486195,'MIDWEST WY US',201006,203,585
COOP:486195,'MIDWEST WY US',201007,63,689
COOP:486195,'MIDWEST WY US',201008,2,700
COOP:486195,'MIDWEST WY US',201009,40,591
COOP:486195,'MIDWEST WY US',201010,112,515
COOP:486195,'MIDWEST WY US',201011,45,314
COOP:486195,'MIDWEST WY US',201012,60,259
COOP:486195,'MIDWEST WY US',201101,22,228
COOP:486195,'MIDWEST WY US',201102,37,195
COOP:486195,'MIDWEST WY US',201103,17,361
COOP:486195,'MIDWEST WY US',201104,284,411
COOP:486195,'MIDWEST WY US',201105,480,467
COOP:486195,'MIDWEST WY US',201106,184,609
COOP:486195,'MIDWEST WY US',201107,64,723
COOP:486195,'MIDWEST WY US',201108,23,709
COOP:486195,'MIDWEST WY US',201109,60,604
COOP:486195,'MIDWEST WY US',201110,146,500
COOP:486195,'MIDWEST WY US',201111,109,327
COOP:486195,'MIDWEST WY US',201112,65,240
COOP:486195,'MIDWEST WY US',201201,40,268
COOP:486195,'MIDWEST WY US',201202,68,265
COOP:486195,'MIDWEST WY US',201203,24,444
COOP:486195,'MIDWEST WY US',201204,90,493
COOP:486195,'MIDWEST WY US',201205,139,548
COOP:486195,'MIDWEST WY US',201206,42,694
COOP:486195,'MIDWEST WY US',201207,126,769
COOP:486195,'MIDWEST WY US',201208,3,711
COOP:486195,'MIDWEST WY US',201209,46,618
COOP:486195,'MIDWEST WY US',201210,81,454
COOP:486195,'MIDWEST WY US',201211,52,395
COOP:486195,'MIDWEST WY US',201212,26,272
COOP:486195,'MIDWEST WY US',201301,33,247
COOP:486195,'MIDWEST WY US',201302,37,270
COOP:486195,'MIDWEST WY US',201303,67,336
COOP:486195,'MIDWEST WY US',201304,109,374
COOP:486195,'MIDWEST WY US',201305,160,556
COOP:486195,'MIDWEST WY US',201306,210,660
COOP:486195,'MIDWEST WY US',201307,120,736
COOP:486195,'MIDWEST WY US',201308,78,722
COOP:486195,'MIDWEST WY US',201309,211,609
COOP:486195,'MIDWEST WY US',201310,314,404
COOP:486195,'MIDWEST WY US',201311,9,336
COOP:486195,'MIDWEST WY US',201312,64,201
COOP:486195,'MIDWEST WY US',201401,66,251
COOP:486195,'MIDWEST WY US',201402,92,184
COOP:486195,'MIDWEST WY US',201403,122,357
COOP:486195,'MIDWEST WY US',201404,115,429
COOP:486195,'MIDWEST WY US',201405,102,528
COOP:486195,'MIDWEST WY US',201406,282,588
COOP:486195,'MIDWEST WY US',201407,109,693
COOP:485088,'KEELINE 7 SW WY US',200001,33,284
COOP:485088,'KEELINE 7 SW WY US',200002,67,336
COOP:485088,'KEELINE 7 SW WY US',200003,102,378
COOP:485088,'KEELINE 7 SW WY US',200004,515,448
COOP:485088,'KEELINE 7 SW WY US',200006,86,624
COOP:485088,'KEELINE 7 SW WY US',200007,179,719
COOP:485088,'KEELINE 7 SW WY US',200008,13,716
COOP:485088,'KEELINE 7 SW WY US',200009,178,595
COOP:485088,'KEELINE 7 SW WY US',200010,29,468
COOP:485088,'KEELINE 7 SW WY US',200011,236,194
COOP:485088,'KEELINE 7 SW WY US',200012,66,174
COOP:485088,'KEELINE 7 SW WY US',200101,23,213
COOP:485088,'KEELINE 7 SW WY US',200103,48,336
COOP:485088,'KEELINE 7 SW WY US',200104,171,453
COOP:485088,'KEELINE 7 SW WY US',200105,101,541
COOP:485088,'KEELINE 7 SW WY US',200106,93,646
COOP:485088,'KEELINE 7 SW WY US',200108,45,715
COOP:485088,'KEELINE 7 SW WY US',200109,66,619
COOP:485088,'KEELINE 7 SW WY US',200110,95,460
COOP:485088,'KEELINE 7 SW WY US',200111,23,366
COOP:485088,'KEELINE 7 SW WY US',200112,5,262
COOP:485088,'KEELINE 7 SW WY US',200201,0,258
COOP:485088,'KEELINE 7 SW WY US',200204,61,450
COOP:485088,'KEELINE 7 SW WY US',200205,110,520
COOP:485088,'KEELINE 7 SW WY US',200206,110,662
COOP:485088,'KEELINE 7 SW WY US',200207,247,732
COOP:485088,'KEELINE 7 SW WY US',200208,184,675
COOP:485088,'KEELINE 7 SW WY US',200209,179,594
COOP:485088,'KEELINE 7 SW WY US',200210,93,394
COOP:485088,'KEELINE 7 SW WY US',200211,39,341
COOP:485088,'KEELINE 7 SW WY US',200212,0,301
COOP:485088,'KEELINE 7 SW WY US',200303,258,351
COOP:485088,'KEELINE 7 SW WY US',200304,133,470
COOP:485088,'KEELINE 7 SW WY US',200305,120,543
COOP:485088,'KEELINE 7 SW WY US',200309,180,562
COOP:485088,'KEELINE 7 SW WY US',200310,65,497
COOP:485088,'KEELINE 7 SW WY US',200311,49,295
COOP:485088,'KEELINE 7 SW WY US',200312,29,287
COOP:485088,'KEELINE 7 SW WY US',200402,80,307
COOP:485088,'KEELINE 7 SW WY US',200403,51,417
COOP:485088,'KEELINE 7 SW WY US',200404,23,458
COOP:485088,'KEELINE 7 SW WY US',200405,201,545
COOP:485088,'KEELINE 7 SW WY US',200406,182,603
COOP:485088,'KEELINE 7 SW WY US',200408,59,649
COOP:485088,'KEELINE 7 SW WY US',200409,196,585
COOP:485088,'KEELINE 7 SW WY US',200411,27,303
COOP:485088,'KEELINE 7 SW WY US',200412,15,292
COOP:485088,'KEELINE 7 SW WY US',200501,41,272
COOP:485088,'KEELINE 7 SW WY US',200503,74,361
COOP:485088,'KEELINE 7 SW WY US',200504,181,443
COOP:485088,'KEELINE 7 SW WY US',200505,307,508
COOP:485088,'KEELINE 7 SW WY US',200506,245,628
COOP:487260,'PINEDALE WY US',200006,106,539
COOP:487260,'PINEDALE WY US',200007,28,617
COOP:487260,'PINEDALE WY US',200009,72,472
COOP:487260,'PINEDALE WY US',200011,51,154
COOP:487260,'PINEDALE WY US',200012,45,145
COOP:487260,'PINEDALE WY US',200101,22,120
COOP:487260,'PINEDALE WY US',200102,104,161
COOP:487260,'PINEDALE WY US',200103,46,278
COOP:487260,'PINEDALE WY US',200104,118,368
COOP:487260,'PINEDALE WY US',200105,33,479
COOP:487260,'PINEDALE WY US',200106,86,548
COOP:487260,'PINEDALE WY US',200107,34,617
COOP:487260,'PINEDALE WY US',200108,60,610
COOP:487260,'PINEDALE WY US',200109,95,523
COOP:487260,'PINEDALE WY US',200110,38,389
COOP:487260,'PINEDALE WY US',200111,84,300
COOP:487260,'PINEDALE WY US',200112,104,110
COOP:487260,'PINEDALE WY US',200201,17,110
COOP:487260,'PINEDALE WY US',200203,75,224
COOP:487260,'PINEDALE WY US',200204,97,378
COOP:487260,'PINEDALE WY US',200205,164,438
COOP:487260,'PINEDALE WY US',200206,17,541
COOP:487260,'PINEDALE WY US',200207,83,631
COOP:487260,'PINEDALE WY US',200208,37,566
COOP:487260,'PINEDALE WY US',200302,83,144
COOP:487260,'PINEDALE WY US',200303,81,291
COOP:487260,'PINEDALE WY US',200305,50,456
COOP:487260,'PINEDALE WY US',200306,89,528
COOP:487260,'PINEDALE WY US',200309,110,486
COOP:487260,'PINEDALE WY US',200310,92,428
COOP:487260,'PINEDALE WY US',200311,68,160
COOP:487260,'PINEDALE WY US',200312,114,174
COOP:487260,'PINEDALE WY US',200401,50,101
COOP:487260,'PINEDALE WY US',200402,114,137
COOP:487260,'PINEDALE WY US',200403,21,285
COOP:487260,'PINEDALE WY US',200404,124,394
COOP:487260,'PINEDALE WY US',200405,188,442
COOP:487260,'PINEDALE WY US',200407,81,598
COOP:487260,'PINEDALE WY US',200408,142,555
COOP:487260,'PINEDALE WY US',200409,189,482
COOP:487260,'PINEDALE WY US',200410,201,396
COOP:487260,'PINEDALE WY US',200411,22,266
COOP:487260,'PINEDALE WY US',200412,98,198
COOP:487260,'PINEDALE WY US',200501,80,185
COOP:487260,'PINEDALE WY US',200502,52,157
COOP:487260,'PINEDALE WY US',200503,110,278
COOP:487260,'PINEDALE WY US',200505,407,455
COOP:487260,'PINEDALE WY US',200508,150,583
COOP:487260,'PINEDALE WY US',200509,80,487
COOP:487260,'PINEDALE WY US',200510,57,415
COOP:487260,'PINEDALE WY US',200511,95,282
COOP:487260,'PINEDALE WY US',200512,68,141
COOP:487260,'PINEDALE WY US',200601,91,153
COOP:487260,'PINEDALE WY US',200602,68,123
COOP:487260,'PINEDALE WY US',200603,36,219
COOP:487260,'PINEDALE WY US',200604,83,394
COOP:487260,'PINEDALE WY US',200605,51,464
COOP:487260,'PINEDALE WY US',200606,88,564
COOP:487260,'PINEDALE WY US',200607,36,637
COOP:487260,'PINEDALE WY US',200608,13,572
COOP:487260,'PINEDALE WY US',200609,120,482
COOP:487260,'PINEDALE WY US',200610,115,379
COOP:487260,'PINEDALE WY US',200611,71,245
COOP:487260,'PINEDALE WY US',200612,83,161
COOP:487260,'PINEDALE WY US',200701,32,94
COOP:487260,'PINEDALE WY US',200702,49,204
COOP:487260,'PINEDALE WY US',200703,69,327
COOP:487260,'PINEDALE WY US',200704,104,382
COOP:487260,'PINEDALE WY US',200705,47,458
COOP:487260,'PINEDALE WY US',200707,110,656
COOP:487260,'PINEDALE WY US',200708,190,602
COOP:487260,'PINEDALE WY US',200709,183,497
COOP:487260,'PINEDALE WY US',200710,90,404
COOP:487260,'PINEDALE WY US',200711,15,287
COOP:487260,'PINEDALE WY US',200712,86,139
COOP:487260,'PINEDALE WY US',200801,109,67
COOP:487260,'PINEDALE WY US',200802,111,150
COOP:487260,'PINEDALE WY US',200803,38,212
COOP:487260,'PINEDALE WY US',200804,29,302
COOP:487260,'PINEDALE WY US',200805,304,430
COOP:487260,'PINEDALE WY US',200806,43,523
COOP:487260,'PINEDALE WY US',200807,7,611
COOP:487260,'PINEDALE WY US',200808,80,587
COOP:487260,'PINEDALE WY US',200809,102,481
COOP:487260,'PINEDALE WY US',200810,130,391
COOP:487260,'PINEDALE WY US',200811,27,322
COOP:487260,'PINEDALE WY US',200812,107,158
COOP:487260,'PINEDALE WY US',200901,121,177
COOP:487260,'PINEDALE WY US',200902,61,169
COOP:487260,'PINEDALE WY US',200903,53,250
COOP:487260,'PINEDALE WY US',200904,152,364
COOP:487260,'PINEDALE WY US',200905,129,458
COOP:487260,'PINEDALE WY US',200906,396,518
COOP:487260,'PINEDALE WY US',200907,16,594
COOP:487260,'PINEDALE WY US',200908,68,572
COOP:487260,'PINEDALE WY US',200909,50,533
COOP:487260,'PINEDALE WY US',200910,111,342
COOP:487260,'PINEDALE WY US',200911,3,282
COOP:487260,'PINEDALE WY US',200912,36,115
COOP:487260,'PINEDALE WY US',201001,60,154
COOP:487260,'PINEDALE WY US',201002,6,162
COOP:487260,'PINEDALE WY US',201003,30,305
COOP:487260,'PINEDALE WY US',201004,147,362
COOP:487260,'PINEDALE WY US',201005,103,392
COOP:487260,'PINEDALE WY US',201006,126,532
COOP:487260,'PINEDALE WY US',201007,67,597
COOP:487260,'PINEDALE WY US',201008,140,580
COOP:487260,'PINEDALE WY US',201009,9,511
COOP:487260,'PINEDALE WY US',201010,38,427
COOP:487260,'PINEDALE WY US',201012,123,184
COOP:487260,'PINEDALE WY US',201101,77,154
COOP:487260,'PINEDALE WY US',201102,72,126
COOP:487260,'PINEDALE WY US',201103,55,208
COOP:487260,'PINEDALE WY US',201109,11,512
COOP:487260,'PINEDALE WY US',201110,100,403
COOP:487260,'PINEDALE WY US',201112,31,163
COOP:487260,'PINEDALE WY US',201201,153,166
COOP:487260,'PINEDALE WY US',201202,51,139
COOP:487260,'PINEDALE WY US',201203,127,309
COOP:487260,'PINEDALE WY US',201204,66,402
COOP:487260,'PINEDALE WY US',201205,92,446
COOP:487260,'PINEDALE WY US',201206,0,550
COOP:487260,'PINEDALE WY US',201207,188,633
COOP:487260,'PINEDALE WY US',201208,21,613
COOP:487260,'PINEDALE WY US',201209,10,526
COOP:487260,'PINEDALE WY US',201210,92,393
COOP:487260,'PINEDALE WY US',201211,42,296
COOP:487260,'PINEDALE WY US',201212,82,136
COOP:487260,'PINEDALE WY US',201301,22,120
COOP:487260,'PINEDALE WY US',201302,19,157
COOP:487260,'PINEDALE WY US',201303,14,274
COOP:487260,'PINEDALE WY US',201304,100,335
COOP:487260,'PINEDALE WY US',201305,168,470
COOP:487260,'PINEDALE WY US',201306,15,559
COOP:487260,'PINEDALE WY US',201307,165,631
COOP:487260,'PINEDALE WY US',201308,37,599
COOP:487260,'PINEDALE WY US',201310,70,403
COOP:487260,'PINEDALE WY US',201311,48,269
COOP:487260,'PINEDALE WY US',201312,20,145
COOP:487260,'PINEDALE WY US',201401,62,170
COOP:487260,'PINEDALE WY US',201402,192,249
COOP:487260,'PINEDALE WY US',201404,113,348
COOP:487260,'PINEDALE WY US',201405,182,465
COOP:487260,'PINEDALE WY US',201406,135,515
COOP:487260,'PINEDALE WY US',201407,77,619
